305
998
919
962
370
810
749
806
193
181
224
571
294
833
469
400
495
540
225
882
989
315
146
909
209
390
226
936
668
994
934
973
992
853
288
715
16
37
521
209
570
98
133
217
283
602
969
778
494
195
661
836
510
159
745
720
901
323
8
570
317
942
895
662
148
535
377
164
925
250
373
495
348
858
64
631
813
34
762
307
229
775
143
91
286
888
163
188
211
172
110
881
466
357
543
614
893
920
778
170
170
504
17
871
362
82
854
527
468
616
835
49
391
330
140
678
571
304
218
134
828
328
15
294
37
558
261
282
830
39
452
353
895
470
224
610
904
430
137
372
47
324
421
790
655
913
820
578
569
38
712
397
718
80
44
756
990
305
390
821
696
843
174
944
665
750
554
921
180
691
293
579
368
66
370
375
331
190
953
901
229
17
650
299
97
694
407
88
351
798
909
48
641
435
344
658
537
898
579
717
941
224
297
309
642
19
684
325
209
989
226
790
7
877
90
104
923
849
192
275
647
453
675
640
240
19
298
777
269
229
847
210
805
144
872
447
515
908
773
76
898
351
867
257
580
309
361
504
158
906
779
158
359
806
798
952
825
449
729
94
678
576
656
836
72
528
283
587
789
408
664
687
112
883
944
692
544
657
196
54
563
327
212
275
133
11
579
310
460
308
404
490
237
413
326
661
293
962
249
82
722
265
769
834
500
65
527
44
75
75
98
990
403
311
617
536
674
196
847
486
857
603
976
94
16
655
755
662
969
356
744
691
973
866
878
473
931
405
869
358
480
320
349
235
983
966
772
657
515
971
143
372
926
471
818
295
126
573
957
95
282
701
139
255
567
17
81
851
774
950
209
606
622
910
842
605
229
966
262
744
289
757
116
215
229
934
510
707
859
819
155
141
521
294
749
440
663
830
643
437
132
853
43
755
115
237
360
344
203
975
88
492
732
556
60
961
842
570
21
54
742
176
547
615
822
296
55
485
478
699
274
611
904
317
718
19
907
430
716
110
405
804
955
138
713
15
451
907
937
824
961
679
0
509
294
822
805
702
659
636
753
933
599
657
603
317
28
510
99
744
972
505
901
927
995
966
294
798
873
232
623
835
263
975
696
558
150
853
612
809
489
365
95
88
374
698
757
402
560
857
499
884
362
752
164
709
70
458
859
943
42
482
130
306
458
826
216
608
680
828
769
521
545
864
962
919
914
719
673
826
576
524
711
290
276
875
351
698
685
211
642
728
693
772
386
503
951
954
111
983
134
233
504
679
97
818
598
364
538
623
190
466
148
901
757
776
128
108
475
166
671
469
894
365
593
632
220
544
586
684
879
720
917
736
399
14
554
349
378
92
324
921
559
824
174
668
601
303
128
428
469
800
249
715
517
842
699
737
739
285
421
618
5
338
354
756
705
909
457
435
353
781
356
264
606
531
932
559
186
413
339
7
213
588
722
730
430
421
819
169
58
241
140
415
579
494
171
636
755
980
72
461
113
428
725
71
311
10
630
497
423
321
504
988
261
578
718
692
999
537
213
409
130
705
824
62
200
347
698
307
327
770
768
441
551
846
512
862
856
495
712
279
168
216
267
430
795
337
474
146
226
39
556
709
745
380
771
297
728
821
604
407
592
725
848
495
571
713
709
427
560
421
58
728
638
677
158
785
366
984
931
592
24
839
653
769
572
424
66
652
246
22
59
190
747
260
37
318
973
746
745
885
168
803
613
158
832
124
943
198
460
226
143
484
418
796
605
990
573
671
642
171
46
701
361
793
313
750
112
638
496
209
523
16
365
489
526
197
965
821
396
425
48
891
910
818
687
867
808
612
891
802
783
937
855
496
730
169
246
194
807
743
404
331
111
769
172
638
318
137
459
66
562
859
957
824
677
997
692
837
609
583
639
393
520
495
889
602
16
136
797
823
231
553
506
694
674
678
332
992
815
144
411
730
355
368
554
385
365
598
574
327
181
214
720
53
61
961
8
77
449
805
252
680
710
759
727
384
789
59
728
605
555
139
335
263
860
241
648
225
840
222
904
21
788
624
427
201
586
435
630
387
592
883
68
302
994
147
38
783
558
766
388
114
258
75
377
118
317
377
695
157
599
600
530
740
576
309
941
514
96
572
902
688
455
322
342
449
469
732
584
27
499
973
141
757
400
870
227
717
247
922
226
199
522
109
939
451
418
880
965
515
804
867
555
259
189
898
60
658
630
645
686
481
970
179
590
722
50
817
792
649
92
18
200
966
127
139
417
546
372
383
413
176
250
968
788
792
218
200
450
849
845
488
682
167
668
625
242
70
794
34
71
886
52
272
853
532
411
270
430
135
5
843
312
256
811
452
48
382
652
850
231
850
339
265
369
359
890
611
429
685
645
500
923
50
772
776
582
536
399
364
23
756
207
335
12
370
139
412
752
792
615
335
642
306
953
11
665
843
623
446
880
620
298
156
670
423
932
604
959
683
968
982
440
175
670
804
898
809
569
2
953
536
338
947
842
643
959
507
486
934
953
719
906
251
875
577
26
159
181
985
195
150
320
987
677
342
143
927
503
712
930
457
248
268
404
442
911
715
949
749
1
254
820
908
858
47
837
884
559
370
222
106
872
894
93
550
236
236
477
739
301
407
548
901
27
305
344
290
372
293
392
374
900
564
634
110
964
471
994
523
193
568
629
66
462
74
616
50
310
445
142
611
205
42
513
584
347
209
227
720
854
971
446
754
535
80
864
851
903
211
374
96
131
355
514
946
429
482
996
92
928
138
55
485
181
920
421
880
129
648
600
984
619
398
90
507
478
955
710
733
518
437
182
649
792
696
947
574
531
944
18
811
434
73
296
967
994
717
848
475
718
800
459
689
199
550
548
29
857
259
115
727
696
649
728
840
345
676
766
228
620
784
39
406
858
335
374
204
405
574
679
475
726
491
516
277
393
65
659
250
676
774
329
372
775
57
564
472
85
331
701
57
115
740
464
325
428
190
529
185
764
561
660
842
52
176
120
797
593
131
399
269
257
728
993
32
137
910
504
223
241
205
280
708
946
96
34
374
286
915
559
402
828
571
597
880
99
717
29
45
200
428
314
457
156
660
489
294
570
993
869
163
199
501
223
145
598
257
871
236
525
782
991
353
705
588
586
804
657
615
201
857
44
868
314
552
528
803
198
450
796
67
965
347
569
188
492
519
798
715
755
323
497
746
28
554
334
614
359
991
582
912
848
626
780
514
178
308
317
377
110
466
796
427
813
365
616
658
884
766
373
992
441
223
738
469
777
73
436
488
416
18
401
617
644
181
131
174
842
801
903
304
267
700
732
432
417
700
90
654
466
816
646
907
39
384
728
168
809
164
657
226
182
410
195
826
591
326
353
785
479
256
90
746
308
822
531
726
522
973
380
340
789
26
599
180
410
327
349
572
492
358
798
674
768
345
853
711
671
206
497
151
814
939
249
123
761
132
849
635
106
581
327
895
607
926
76
369
253
777
941
745
135
91
772
903
436
625
614
460
183
463
963
997
402
212
120
515
345
321
502
451
902
829
698
861
107
126
231
361
903
524
458
38
616
230
941
404
207
908
216
390
723
179
388
478
744
860
993
441
182
848
892
436
677
942
298
785
69
881
498
972
405
308
11
373
539
304
778
98
564
346
489
640
526
229
118
270
89
463
711
623
311
955
60
341
249
358
126
318
239
976
291
996
284
654
370
175
310
500
626
227
846
115
867
372
344
985
994
433
448
57
57
112
12
469
453
262
179
931
932
770
907
575
766
543
581
136
71
892
636
697
119
835
164
338
559
508
675
554
293
475
963
702
587
976
523
40
590
702
971
874
472
230
450
239
126
31
727
197
275
716
246
746
551
410
84
110
270
759
16
915
235
980
618
174
308
141
215
250
196
538
124
668
769
926
259
247
310
987
796
937
703
42
684
606
804
120
68
426
232
437
341
467
417
311
641
77
805
208
679
1
747
155
21
868
82
281
115
744
268
911
681
323
305
365
929
109
486
997
887
718
434
228
537
203
892
530
632
697
91
311
50
838
467
71
58
901
352
173
645
972
436
326
295
741
692
576
202
530
926
89
600
712
669
489
916
561
371
900
258
462
564
660
652
31
732
710
284
436
235
929
761
671
607
408
764
651
985
966
181
911
407
133
623
77
622
891
638
994
144
249
808
708
909
461
91
993
523
375
430
759
656
543
782
263
951
899
267
936
217
800
199
625
934
175
702
908
418
692
254
562
293
63
622
203
876
713
548
399
440
330
510
448
873
645
64
825
896
331
761
113
131
313
738
417
488
792
678
906
837
932
821
130
347
443
685
575
509
234
327
301
564
189
750
438
186
166
263
82
849
376
196
332
689
286
750
529
431
428
788
268
712
609
750
412
404
436
987
265
670
666
567
234
856
669
24
42
187
287
477
36
664
673
368
705
311
470
235
94
898
23
714
963
984
465
375
740
901
714
6
923
381
925
157
589
946
182
983
133
821
460
169
837
485
889
895
149
360
130
243
258
505
958
573
841
775
300
581
676
15
587
599
748
864
108
689
810
642
672
943
464
485
464
653
970
354
548
119
714
30
715
324
535
25
898
728
800
198
310
476
565
249
427
665
114
887
706
924
530
379
220
346
864
684
999
186
38
900
658
752
930
373
429
818
398
327
546
198
877
208
26
795
458
805
812
924
692
519
200
222
898
420
920
114
105
272
652
495
172
310
600
102
35
29
272
433
708
819
983
937
27
361
732
837
166
545
761
211
64
314
785
314
734
706
780
191
978
432
687
150
95
639
604
130
668
877
916
728
48
251
665
427
613
398
617
131
295
730
342
711
44
128
25
779
186
157
322
164
941
9
666
36
648
622
167
668
851
83
396
899
334
62
679
299
812
296
431
107
378
125
818
423
605
195
554
791
704
876
955
645
886
973
682
886
596
201
907
447
636
303
699
322
717
730
622
529
26
405
636
756
530
806
179
488
353
85
279
57
962
587
703
200
560
737
438
508
938
345
956
574
649
7
248
718
737
870
248
115
627
236
871
510
395
403
998
748
488
277
158
450
864
213
650
777
950
89
285
240
786
241
166
435
600
414
506
337
637
754
452
264
342
324
774
737
727
772
838
215
402
996
18
618
561
668
395
511
109
681
103
896
274
621
683
875
35
189
212
672
295
17
289
638
341
63
727
420
188
565
987
590
913
5
208
474
26
956
337
135
637
792
383
911
413
67
138
801
608
351
473
256
720
114
246
61
178
973
833
718
891
820
660
156
178
220
983
204
176
320
691
813
465
75
77
878
494
215
679
454
918
505
710
638
971
956
51
501
282
884
219
173
57
879
681
235
452
664
439
628
337
130
794
802
557
871
32
51
438
64
506
709
921
216
699
892
525
751
394
807
987
613
332
396
845
13
631
297
678
422
277
367
905
71
169
462
294
553
866
733
617
372
794
538
940
493
783
817
596
177
624
936
142
956
332
339
322
316
988
352
90
266
719
995
337
240
810
632
793
676
717
411
400
511
301
692
356
84
510
953
613
486
889
756
795
573
447
117
889
436
469
980
702
540
327
391
780
489
375
925
165
444
688
917
307
990
610
664
426
472
617
40
958
858
148
753
431
595
222
321
383
691
653
437
583
980
829
715
470
556
641
987
1
329
257
308
319
219
324
98
691
941
490
1
799
638
755
231
585
977
904
969
21
557
406
956
889
587
672
711
144
313
51
497
642
308
157
314
879
482
412
922
775
902
923
927
892
30
510
477
360
766
446
733
323
205
689
564
792
361
276
288
26
679
137
669
987
647
335
218
481
99
140
608
353
63
535
245
446
397
74
806
163
873
539
486
78
580
403
222
294
31
863
320
710
0
341
49
647
676
267
480
127
407
89
480
822
624
725
620
22
152
426
185
25
317
24
455
250
779
677
544
810
540
864
520
893
558
569
892
234
188
373
362
947
462
194
769
438
920
390
812
424
168
350
449
838
374
904
88
505
933
984
315
826
200
187
719
758
756
611
993
296
984
707
243
798
901
364
237
173
106
49
597
275
399
398
465
125
654
905
630
588
889
945
414
89
132
133
848
240
96
193
888
81
252
131
231
505
496
468
31
602
518
628
229
917
379
694
43
33
951
25
973
840
971
739
282
455
224
130
48
321
675
936
754
279
420
985
784
268
454
815
870
324
796
452
241
175
498
636
560
450
662
886
642
985
625
924
792
850
54
192
523
81
129
629
360
901
614
145
169
420
312
391
744
108
195
338
635
694
326
548
496
988
434
138
325
411
63
118
613
469
310
136
551
791
117
263
692
84
760
213
504
73
957
601
533
152
291
169
198
617
69
694
958
503
833
283
914
248
401
880
717
64
368
620
855
486
884
900
570
996
113
426
421
422
27
955
575
318
476
773
288
545
468
246
48
653
529
314
901
283
546
970
347
915
591
554
401
827
454
323
823
920
749
245
342
777
552
917
447
28
43
87
573
863
333
973
516
215
639
769
850
186
739
197
101
330
751
854
157
558
177
333
478
278
930
820
55
482
90
855
510
133
294
83
996
628
408
864
195
47
633
45
585
372
594
38
55
345
892
564
903
421
897
381
700
827
554
107
661
644
314
171
777
609
606
773
589
14
637
784
414
622
181
999
994
775
38
401
120
282
966
376
704
215
109
756
395
663
215
56
659
530
228
436
139
186
561
80
201
550
216
967
172
397
966
519
172
356
272
644
639
238
372
695
806
482
803
201
497
18
257
509
548
837
945
39
24
859
119
577
409
687
544
934
84
862
805
608
219
77
605
210
668
977
905
474
811
60
675
661
78
932
170
627
122
467
18
146
326
490
723
88
177
619
374
614
481
179
222
700
608
827
910
276
157
167
750
968
227
777
981
658
710
151
285
184
619
655
330
297
145
405
385
675
24
759
289
505
290
511
558
899
691
820
527
848
340
278
816
919
55
798
577
117
301
214
301
272
870
983
570
367
740
955
42
116
67
331
622
709
843
532
960
534
352
488
734
44
118
902
964
525
52
541
643
354
108
296
626
978
632
196
345
724
504
388
841
923
719
815
984
914
347
945
800
51
785
534
96
903
789
412
428
841
953
423
195
61
72
174
391
56
722
89
780
578
477
621
501
548
436
838
815
135
783
967
187
568
854
635
823
643
47
603
484
0
27
32
414
451
558
157
859
280
246
639
859
75
613
712
976
49
550
791
537
685
758
724
605
964
359
428
607
406
32
444
758
411
828
524
214
386
34
73
666
280
64
877
356
677
590
332
79
140
475
616
826
585
692
431
550
51
212
509
809
596
953
919
359
781
796
573
519
830
998
538
462
62
415
818
92
5
502
171
498
977
139
676
563
831
107
113
234
671
622
395
267
928
666
626
61
814
551
581
644
901
119
107
964
886
277
408
892
780
579
390
757
70
66
320
901
525
785
487
549
760
882
816
688
548
795
101
363
698
34
359
600
505
818
916
392
96
676
284
228
607
26
985
677
444
658
578
321
795
417
870
555
299
39
595
199
186
49
914
884
83
274
836
589
92
104
333
540
780
969
768
387
995
106
416
791
116
346
112
911
763
335
819
62
726
414
262
912
815
176
148
899
802
985
840
247
441
173
139
574
142
908
961
489
366
378
280
482
724
744
745
488
431
564
902
157
331
516
69
146
45
218
397
847
555
237
446
996
410
586
570
904
846
884
393
212
614
25
46
690
122
791
530
553
708
433
711
391
301
132
537
346
702
935
546
257
524
992
606
287
578
528
191
424
764
937
988
378
962
34
421
84
178
951
638
886
736
701
277
38
833
166
736
536
453
282
145
978
627
751
265
205
632
808
982
396
745
970
127
708
357
548
144
535
851
782
773
588
835
402
978
669
920
714
557
374
349
702
352
976
806
969
533
790
777
867
186
523
190
665
583
547
565
727
434
769
862
559
357
697
961
687
718
881
753
275
607
454
330
959
430
136
280
316
278
58
535
464
933
725
482
516
624
399
595
58
168
457
969
877
155
930
564
873
164
318
501
123
772
831
435
555
319
715
223
597
125
758
413
58
836
247
926
460
647
522
871
815
979
840
693
486
123
609
712
639
279
213
762
404
396
197
959
67
913
534
16
38
644
429
449
480
29
375
293
676
249
164
843
229
356
888
67
479
498
779
118
777
344
233
181
92
430
492
159
695
378
175
86
23
957
535
855
986
262
148
14
512
312
209
93
21
98
160
500
948
292
971
77
988
556
259
81
986
103
592
34
482
120
472
857
77
359
712
415
621
861
781
485
525
990
930
546
440
443
399
388
735
370
466
75
926
77
508
264
532
101
650
14
221
122
871
650
833
584
417
807
797
198
292
322
540
575
221
981
18
620
721
105
342
539
180
268
616
689
884
501
790
887
867
363
361
739
13
195
675
430
354
824
980
998
498
520
573
719
853
591
339
575
696
681
466
877
301
435
918
538
936
60
425
803
423
138
894
788
685
921
570
39
745
550
38
244
422
611
315
276
203
655
203
251
688
669
480
342
104
398
880
392
458
657
196
233
147
90
21
833
364
591
872
109
493
910
705
916
874
21
544
429
28
99
680
716
120
161
410
577
911
290
969
370
299
517
955
799
960
977
632
324
920
856
785
414
767
491
682
993
864
578
422
892
677
454
960
149
967
371
726
879
13
48
601
665
565
556
464
525
885
96
201
806
952
987
220
71
830
254
416
694
832
838
938
861
293
250
10
612
621
89
491
987
489
444
652
54
353
116
932
238
564
485
44
868
472
616
292
654
222
708
348
54
899
638
267
544
889
630
156
862
719
0
849
208
444
501
614
797
969
898
388
885
384
784
754
856
401
398
511
623
106
211
30
357
202
297
901
443
927
58
305
998
58
155
206
854
8
173
4
330
71
392
215
455
176
321
664
929
719
527
905
178
90
935
535
292
584
789
87
864
847
393
862
257
900
421
463
908
594
467
590
17
211
806
825
740
127
489
21
199
368
926
729
458
213
616
103
150
405
190
14
604
935
228
213
835
649
677
96
595
496
686
965
60
492
790
152
972
631
173
523
351
452
604
161
17
220
264
167
978
807
533
934
94
114
500
930
763
177
378
711
25
64
28
85
909
818
589
233
801
763
756
152
215
712
313
584
284
930
104
262
89
637
549
183
103
49
465
867
578
843
930
603
260
958
41
169
128
630
402
281
745
510
433
312
574
98
897
858
28
1
121
469
990
22
5
94
71
470
313
649
666
595
252
926
905
645
447
33
628
201
314
373
63
99
686
637
197
583
495
578
936
968
47
926
990
52
372
61
875
685
710
541
280
315
819
537
312
266
570
940
819
236
314
882
335
0
519
885
935
14
463
871
983
862
149
973
915
874
387
142
559
97
683
192
764
854
729
77
472
652
17
291
240
683
173
928
683
692
813
970
58
276
193
393
138
695
719
405
569
106
899
480
555
934
672
672
788
754
749
260
758
118
551
998
802
76
926
837
768
91
808
179
719
353
572
210
48
643
615
617
749
515
98
657
449
122
329
590
228
78
850
338
196
754
689
350
830
967
188
951
59
348
482
778
701
54
988
750
698
956
719
799
823
817
456
624
292
785
214
872
215
417
211
764
523
900
114
705
867
302
8
926
650
490
57
704
897
397
454
947
353
173
746
528
343
555
153
635
692
719
859
908
488
70
24
11
970
138
717
190
793
77
468
795
568
525
499
465
275
953
412
628
479
510
509
174
417
662
809
110
733
668
370
222
91
394
585
413
884
654
603
29
732
72
825
300
949
676
117
224
982
529
205
461
391
714
635
809
728
796
271
461
816
641
35
259
387
621
673
623
275
276
653
7
700
830
659
650
858
776
226
840
657
431
653
49
497
640
210
225
788
833
39
957
474
74
216
213
695
889
188
323
166
193
682
866
23
342
868
234
118
95
74
128
878
728
177
376
720
739
601
509
572
640
466
398
67
682
963
114
924
151
789
90
345
472
308
720
814
529
954
284
976
381
412
854
461
941
230
181
32
184
42
604
176
508
354
243
543
317
710
467
821
499
909
518
971
217
238
137
98
545
422
74
278
186
929
739
128
159
272
512
695
315
117
872
175
823
467
718
141
177
185
314
677
446
832
0
664
422
138
114
319
912
189
597
98
118
688
578
629
961
443
677
276
560
549
803
735
368
522
228
546
59
542
575
506
374
927
522
797
417
636
468
329
177
66
780
647
754
710
629
67
153
306
695
65
207
499
801
575
21
29
473
432
924
400
290
298
328
812
447
745
801
916
427
978
334
559
978
88
269
607
156
775
913
851
192
120
702
993
695
723
375
521
508
299
921
798
949
601
963
397
347
116
665
126
94
999
685
72
439
306
31
947
433
944
151
626
416
853
971
112
929
698
985
437
997
906
587
947
508
550
696
207
666
713
685
113
64
370
537
503
28
569
803
814
865
954
440
282
807
763
746
88
462
731
525
811
989
465
758
497
367
806
56
34
871
741
499
935
463
388
791
844
309
594
658
175
548
450
809
707
213
555
796
27
286
673
839
627
138
949
125
506
108
533
892
979
275
743
915
90
131
706
934
793
652
944
968
200
394
777
259
960
684
55
987
970
729
178
949
219
128
74
725
236
960
969
567
235
712
482
677
196
540
964
989
544
908
309
744
655
86
356
615
770
411
954
92
492
133
41
712
613
468
789
201
428
111
768
15
175
603
44
371
495
8
712
40
917
21
136
572
107
492
539
229
256
493
673
748
978
67
812
591
887
954
792
667
65
913
34
592
516
78
964
11
87
676
51
356
698
540
928
157
32
467
739
288
312
764
389
291
183
553
234
70
859
379
737
924
292
771
869
160
202
833
171
641
861
575
997
559
115
925
69
499
744
160
140
408
924
529
699
108
434
286
530
294
665
620
570
309
391
439
469
945
272
992
586
486
567
583
397
34
860
466
534
956
978
26
365
255
555
416
363
341
702
245
635
719
865
206
380
609
997
201
554
622
194
141
108
113
76
505
148
937
324
34
245
302
60
610
557
967
27
272
308
81
518
296
153
383
854
885
992
851
87
899
473
281
40
581
394
468
87
894
757
763
280
3
65
692
613
623
11
992
895
672
426
765
968
931
149
174
816
493
25
903
392
499
184
784
432
931
253
871
177
10
634
458
365
700
502
331
675
514
675
922
538
101
688
506
384
189
680
201
34
57
456
427
908
993
563
341
924
168
564
453
531
199
263
896
251
766
227
278
632
903
200
170
356
240
28
93
781
60
294
816
117
102
595
378
95
510
719
371
679
635
825
210
186
440
458
789
206
38
67
190
293
620
360
1
212
740
94
994
800
740
162
270
843
109
648
938
619
719
662
650
354
839
212
893
279
671
682
838
61
750
28
354
722
741
355
934
833
450
280
634
542
794
256
385
903
256
676
875
975
338
525
681
177
738
574
808
761
609
646
822
711
27
176
433
768
883
719
601
333
0
587
228
794
195
613
50
451
289
925
778
979
450
812
508
540
738
317
301
347
963
123
58
342
299
843
110
183
915
64
868
915
3
96
61
551
62
463
2
351
388
133
683
191
945
191
731
683
508
33
31
824
156
441
166
808
637
629
343
552
45
563
819
400
12
880
951
74
696
306
777
84
439
460
627
736
4
359
419
512
744
802
688
900
244
207
60
233
188
403
785
585
319
604
985
331
836
289
757
532
947
534
617
738
347
244
474
351
955
893
215
699
48
256
952
292
463
12
525
3
768
662
588
439
266
925
770
102
214
527
635
161
413
604
899
112
200
725
463
156
619
31
207
667
287
159
311
102
524
188
457
292
850
45
731
468
970
853
570
537
732
557
50
145
161
302
610
714
27
73
870
646
456
77
665
95
589
328
549
113
868
6
757
718
403
840
538
374
693
109
263
425
666
313
922
180
615
532
894
643
958
116
641
414
545
659
862
134
987
411
247
856
418
4
926
821
844
465
547
889
926
810
666
944
476
941
124
91
473
18
86
783
134
80
550
680
739
412
166
726
823
766
934
593
122
213
767
319
30
314
208
956
477
875
900
305
816
377
748
641
395
835
777
882
915
327
914
654
739
432
732
914
198
19
860
321
584
627
640
614
293
200
922
770
427
174
427
595
551
176
237
299
11
366
533
278
693
799
284
784
231
368
50
782
739
910
103
323
889
95
289
183
295
211
305
723
738
733
318
289
909
907
940
272
273
825
550
318
624
186
102
208
554
505
990
294
415
93
969
305
188
259
840
835
822
145
558
560
878
229
202
139
488
494
411
762
320
313
432
944
851
535
504
406
392
494
52
807
939
21
464
127
632
304
315
455
450
225
367
680
454
921
820
943
416
583
57
736
249
489
32
100
376
537
858
768
383
910
928
323
284
744
802
916
49
117
723
851
343
91
883
149
364
703
444
780
639
853
868
888
695
253
340
71
790
199
192
173
461
120
848
745
864
651
14
265
768
737
116
463
180
0
613
545
55
409
677
46
263
546
286
958
799
627
381
941
178
573
466
639
45
315
737
262
318
751
527
86
840
996
902
373
348
867
270
755
276
947
154
539
845
440
849
996
419
231
289
597
156
108
589
202
775
326
816
93
429
695
531
269
691
433
994
391
300
264
499
577
564
653
468
409
445
670
758
865
901
399
814
409
507
755
611
282
433
779
375
862
475
907
484
518
692
478
910
993
95
761
922
659
414
390
420
859
412
530
76
313
930
243
723
437
998
686
72
432
466
799
646
941
706
130
811
399
961
721
744
408
482
666
67
248
408
839
460
821
370
536
486
300
131
561
89
130
248
161
914
66
961
560
359
19
43
170
770
356
244
514
764
78
532
183
327
941
22
139
114
392
27
600
44
159
162
134
289
762
647
203
828
960
115
539
332
158
709
454
514
305
969
278
384
853
813
63
794
836
202
260
580
229
861
625
388
23
111
29
785
110
584
965
423
700
504
755
210
565
209
725
223
530
355
607
384
169
22
530
357
224
791
937
805
652
562
546
27
25
927
164
488
512
129
911
564
985
666
774
902
227
851
125
758
207
84
494
728
106
376
85
682
519
22
840
171
937
386
550
314
665
714
802
177
195
713
93
532
731
868
787
959
71
264
69
278
701
915
358
807
291
443
842
811
466
682
334
755
420
237
69
85
303
872
615
851
937
60
383
21
928
522
980
352
787
401
630
488
316
989
647
959
784
841
770
250
875
457
357
295
694
427
733
997
651
700
848
940
760
584
961
41
458
293
393
245
694
375
85
362
364
85
322
501
278
444
103
154
253
461
801
299
240
886
297
891
586
497
183
347
433
145
740
892
438
133
489
485
508
927
847
225
364
521
78
642
318
181
148
571
642
950
871
882
836
520
125
775
369
309
122
803
806
214
47
596
699
888
81
207
167
281
784
531
154
862
526
472
44
674
44
38
624
267
273
813
787
398
588
508
59
62
663
217
276
710
814
975
951
895
534
118
528
671
650
683
533
176
155
929
202
551
320
827
818
593
640
957
991
228
466
403
290
481
620
918
192
434
893
495
682
427
613
562
98
615
245
984
143
753
265
346
656
937
173
827
530
165
784
874
745
602
277
35
84
249
953
628
36
198
123
70
977
88
632
428
704
230
764
199
335
381
545
991
319
70
818
849
235
955
723
980
557
352
367
993
954
672
973
342
870
448
412
200
537
396
628
593
978
392
792
313
773
338
305
92
408
123
294
996
78
369
328
988
74
696
333
28
720
659
370
943
107
134
143
996
530
771
589
861
515
734
174
640
72
831
85
832
955
379
180
385
748
509
725
822
205
411
202
277
70
572
220
177
58
363
174
941
486
115
802
353
849
328
994
273
160
79
106
467
458
286
852
558
795
930
733
352
341
935
630
411
860
850
940
918
566
114
211
404
582
13
758
431
342
104
705
854
183
163
321
993
801
525
903
949
455
636
301
796
572
283
559
784
486
500
54
404
966
266
808
548
279
918
332
973
22
389
179
205
552
500
550
705
26
454
654
833
442
308
630
14
591
541
150
429
41
205
833
8
471
994
908
102
912
240
428
935
629
607
140
533
108
43
239
486
849
893
319
291
201
301
658
145
843
808
574
236
13
760
244
836
754
153
939
666
745
367
601
375
326
94
908
786
489
499
624
338
393
944
629
946
597
287
443
792
96
370
29
461
482
273
298
236
778
589
254
524
308
856
899
634
302
159
773
791
659
397
481
404
693
110
702
291
750
498
83
198
868
112
659
702
738
309
938
516
898
192
40
558
400
291
193
54
803
318
845
814
715
326
570
409
789
624
52
539
122
135
737
342
600
748
44
338
58
334
206
308
527
599
867
279
242
412
334
45
730
531
211
797
210
781
558
999
406
610
890
880
746
979
575
698
727
619
36
137
954
594
798
833
193
665
464
436
429
798
833
511
330
45
308
892
178
867
891
936
829
133
817
927
112
392
625
839
363
13
329
669
608
127
502
153
792
967
941
573
117
775
84
799
172
744
691
350
963
934
639
793
67
456
72
531
200
698
371
563
63
700
233
23
179
87
177
323
406
118
896
524
245
332
675
769
428
719
472
392
5
111
537
73
919
609
956
119
659
327
34
723
379
267
746
910
707
275
233
113
746
129
989
343
813
17
113
242
736
937
634
741
48
523
166
319
484
123
438
496
802
472
219
534
92
317
444
799
945
678
264
691
159
606
386
973
623
851
215
359
788
201
452
188
76
619
507
560
94
297
56
896
122
627
782
566
297
227
365
594
257
981
637
416
587
23
741
562
875
956
273
663
509
726
204
585
697
711
146
143
9
554
391
483
534
174
49
831
753
766
777
10
747
414
778
687
437
520
601
312
828
875
328
338
953
532
923
2
595
421
145
956
976
536
439
862
62
488
45
815
254
822
177
354
236
956
393
673
828
994
338
656
869
18
994
174
902
918
176
849
339
321
806
667
210
597
529
272
86
574
440
692
396
617
398
632
925
791
658
753
138
348
762
359
366
756
534
620
26
710
469
718
384
627
385
594
225
267
218
663
193
658
707
590
628
106
574
905
249
584
11
739
932
773
99
650
529
633
622
908
695
92
626
79
719
363
25
944
630
244
607
824
254
667
766
234
773
340
140
374
277
503
114
561
276
213
212
157
198
834
65
893
278
691
325
998
55
350
294
685
946
254
861
553
921
627
139
46
320
631
420
597
134
886
158
410
451
722
920
649
909
985
895
187
677
572
537
84
274
184
121
573
438
983
126
711
610
617
757
282
249
529
879
735
416
390
498
219
112
418
221
373
403
116
561
432
40
450
516
314
634
638
887
424
973
365
135
935
335
244
218
936
774
449
671
542
839
169
761
304
587
982
677
343
450
590
775
842
393
292
509
27
282
396
804
255
114
939
542
801
536
760
737
662
562
408
204
401
930
317
57
517
652
87
860
454
29
988
649
422
280
158
802
914
906
606
521
20
897
63
173
433
176
910
95
738
319
651
491
249
321
549
118
325
988
331
131
369
319
780
792
951
938
946
865
845
552
738
217
801
801
391
235
977
301
682
715
972
334
559
573
7
460
44
332
448
375
815
817
694
596
961
997
534
907
862
379
811
600
949
613
753
340
200
83
993
882
798
318
568
709
891
575
169
935
259
617
662
75
787
708
23
100
705
557
360
919
289
523
871
238
136
625
930
688
708
275
571
858
593
491
568
837
419
737
124
678
707
787
105
846
495
128
298
553
38
658
472
679
182
344
269
670
321
551
359
29
826
282
239
420
773
807
257
192
897
381
223
956
520
680
802
16
161
452
921
551
111
393
230
645
89
851
315
410
402
26
791
228
308
31
648
434
190
257
626
87
639
201
395
159
234
549
527
395
2
448
946
113
194
528
758
283
379
425
46
781
452
837
361
112
868
10
546
411
267
525
498
258
726
246
770
312
795
297
707
797
98
5
262
644
885
20
279
616
798
325
397
250
515
759
362
735
121
909
146
740
786
997
351
864
243
121
177
38
770
236
836
220
594
450
864
479
823
144
96
621
821
845
223
336
956
585
72
77
846
218
170
984
567
521
849
810
994
26
849
116
262
37
337
856
487
553
688
662
697
784
283
871
981
506
207
938
444
631
367
642
202
537
627
769
410
476
580
404
854
781
521
116
170
210
325
9
763
365
672
813
501
307
684
482
814
243
420
610
875
140
252
77
677
231
198
88
707
130
844
561
911
717
30
433
927
707
443
691
72
467
504
573
774
540
55
940
783
828
550
658
968
155
87
997
386
286
437
446
416
282
359
680
999
389
113
279
96
908
970
520
375
826
93
150
366
501
90
149
329
993
160
649
148
599
646
886
237
84
332
654
718
692
686
69
433
799
348
882
60
318
402
435
496
496
937
214
997
28
716
678
373
876
327
873
827
973
759
65
409
444
719
127
136
757
197
921
908
545
803
968
216
206
404
64
54
341
279
51
721
995
81
446
223
408
319
50
733
79
115
143
523
186
622
11
943
819
932
852
717
736
172
285
294
576
349
348
270
628
751
343
975
184
790
198
592
461
601
677
540
716
172
415
903
795
778
198
966
63
402
35
151
575
320
445
503
22
145
773
2
248
469
978
432
611
528
376
72
129
53
965
198
226
732
453
373
511
651
691
574
406
727
77
981
399
522
484
421
19
610
424
267
79
754
699
42
634
75
114
764
480
79
314
58
812
767
431
675
770
123
601
176
202
678
157
601
552
994
375
571
604
151
190
35
905
889
77
891
316
543
655
148
975
969
207
787
88
638
814
859
113
415
35
315
445
545
269
997
539
644
920
495
147
110
882
52
351
311
295
19
854
951
167
829
272
374
968
361
365
134
220
478
901
607
146
346
152
415
695
691
411
967
538
558
77
420
962
780
83
257
799
938
560
967
119
833
693
440
546
58
926
118
889
828
725
35
526
878
450
222
921
213
189
460
771
619
880
85
399
964
342
551
254
903
870
725
88
563
517
986
974
444
104
863
272
829
898
798
59
700
372
981
913
914
441
36
885
673
121
284
989
815
187
595
718
57
321
158
973
838
144
947
634
600
162
906
430
412
57
489
112
781
822
377
695
263
765
932
289
238
569
278
53
756
226
124
166
547
282
139
737
779
438
372
379
600
630
161
12
39
3
476
821
825
205
868
441
970
801
730
208
370
360
613
126
586
737
292
485
372
783
575
151
221
299
882
173
281
44
185
321
399
13
142
224
218
362
17
540
163
747
100
533
460
714
12
398
451
656
236
823
440
163
326
13
814
561
187
95
957
724
416
356
738
910
932
308
273
950
849
788
49
949
674
861
663
686
612
467
342
848
642
134
363
321
148
177
882
335
272
191
59
41
899
149
951
831
458
576
133
659
365
183
608
39
396
624
77
8
443
771
856
437
906
571
758
406
748
992
741
21
535
152
62
434
654
365
266
112
942
751
771
659
286
731
50
683
707
127
691
150
898
900
588
156
471
698
562
220
691
655
593
226
160
7
661
814
372
279
926
666
382
49
325
669
780
375
352
488
854
395
990
753
647
578
909
471
629
824
43
320
479
636
898
991
643
911
805
367
542
83
386
925
132
711
594
265
439
298
105
293
693
95
398
693
26
660
164
655
484
207
327
315
195
225
307
190
489
464
557
31
548
943
956
680
7
550
297
798
200
402
443
246
498
194
939
876
854
103
531
690
662
210
5
857
435
664
47
924
129
956
308
677
252
264
709
611
167
7
409
367
761
204
613
259
398
552
487
252
7
370
942
669
580
300
878
368
964
925
292
93
882
600
122
486
217
832
97
384
191
858
103
952
62
717
564
461
621
51
65
981
422
360
650
354
660
529
722
976
806
367
422
40
319
544
526
536
728
623
920
919
833
376
224
896
93
788
709
66
191
774
47
965
486
50
320
498
931
42
475
737
761
897
778
81
793
656
617
874
280
890
145
113
266
369
361
711
509
70
129
701
197
177
666
683
227
338
534
510
733
9
247
494
258
25
575
403
34
545
277
314
435
423
779
53
792
493
116
302
915
245
355
112
422
373
148
1
64
682
511
797
43
111
643
301
488
571
56
522
116
334
188
903
757
320
308
901
813
424
555
728
669
910
193
444
636
693
797
700
727
309
497
770
420
492
423
260
63
479
783
179
165
971
434
922
291
742
176
456
166
731
185
188
994
730
632
630
775
429
330
502
90
827
624
862
319
399
123
735
230
906
266
396
229
701
670
521
795
846
977
314
930
514
502
924
596
486
554
371
915
236
225
358
415
849
220
86
600
695
821
831
601
88
579
183
141
249
704
936
448
33
250
730
900
104
654
496
590
560
220
858
796
445
216
563
647
788
649
599
484
471
430
437
911
361
620
52
611
676
988
411
710
591
141
962
695
147
810
286
59
30
496
207
828
712
770
827
852
419
426
336
242
209
774
153
570
746
205
533
423
194
296
485
137
789
447
832
936
257
470
347
640
966
554
820
678
676
647
883
96
425
219
690
634
345
844
557
444
49
90
867
595
387
352
732
176
151
917
465
760
387
812
752
354
719
572
384
395
571
267
491
349
839
182
983
536
378
540
980
779
983
847
375
370
551
459
898
54
728
363
167
116
528
919
822
247
844
206
642
767
826
486
116
17
20
100
553
398
992
534
177
975
733
904
697
637
716
596
691
444
311
858
912
839
130
734
86
974
293
81
741
471
567
210
488
939
662
41
337
654
927
866
982
661
123
31
298
839
979
341
635
291
200
548
482
330
634
569
656
927
2
749
398
921
959
238
860
621
632
549
628
559
767
610
572
890
993
870
81
973
212
717
264
764
617
746
446
251
667
102
179
21
851
929
942
163
168
802
784
800
703
412
711
471
374
284
361
368
506
795
341
70
512
605
834
481
703
280
732
723
734
263
744
938
545
687
101
65
841
885
217
545
650
928
16
24
564
729
392
71
524
733
141
388
690
328
869
746
960
954
469
695
569
213
633
114
252
86
531
94
971
748
639
621
29
7
998
593
736
390
16
261
476
510
649
518
838
871
616
798
825
437
845
394
3
830
861
255
916
392
701
240
493
692
213
522
699
211
467
436
954
836
49
782
346
50
652
184
921
269
334
98
706
180
845
709
362
58
317
279
802
18
871
295
711
84
169
762
648
989
550
954
825
599
736
171
2
740
707
275
361
41
374
68
573
571
129
936
629
798
567
431
169
438
79
232
874
248
994
874
589
545
828
414
496
564
937
498
657
644
774
18
38
500
438
611
71
568
899
52
718
818
483
887
608
562
119
483
163
466
357
104
11
186
519
859
102
808
710
759
805
836
778
843
336
216
806
759
136
58
811
207
876
646
94
485
561
566
320
724
32
29
180
395
215
51
606
670
860
316
781
665
152
911
860
840
128
666
599
616
724
762
823
953
409
270
438
970
188
758
46
220
787
226
967
355
278
573
377
138
890
158
155
394
70
15
235
550
681
186
518
758
949
342
711
358
964
501
328
152
259
374
724
398
600
43
105
878
616
482
368
858
993
875
253
63
890
840
613
924
26
483
682
327
825
745
685
141
246
365
645
857
739
721
607
692
764
713
922
381
547
643
591
540
518
196
955
409
36
920
333
415
404
367
742
581
464
780
723
710
145
720
919
237
442
526
929
206
591
851
939
139
494
883
31
365
79
987
774
116
907
459
883
311
178
977
893
642
757
968
352
903
688
271
140
482
149
421
41
741
272
980
232
119
863
263
484
295
250
610
763
510
69
646
821
247
623
66
241
733
386
593
636
427
216
128
909
717
549
950
458
173
283
690
644
498
954
480
793
556
90
556
66
511
554
240
110
530
658
351
263
45
296
899
472
864
379
733
582
280
684
40
453
319
83
450
169
389
930
963
945
373
871
364
236
778
604
347
308
262
50
571
659
347
822
131
563
201
865
145
481
901
186
286
572
621
736
741
10
19
56
955
744
280
319
980
58
275
679
718
890
730
289
549
429
463
33
992
16
250
138
849
503
676
135
75
297
224
816
659
595
225
614
339
505
286
671
915
913
351
633
803
433
274
705
862
737
738
206
105
340
344
954
843
372
441
918
21
17
86
680
964
311
647
303
168
285
327
83
198
678
68
354
111
342
59
325
431
149
531
536
489
228
842
332
952
284
602
326
653
40
6
618
352
5
273
872
642
600
956
841
630
24
547
741
719
958
418
150
107
302
39
948
882
233
632
834
517
234
160
523
274
519
141
978
524
414
851
519
15
159
360
645
535
259
739
254
217
509
757
676
811
148
624
693
381
256
880
251
490
40
774
116
911
915
447
788
681
650
307
48
809
19
694
696
278
785
951
847
646
60
523
458
208
147
503
589
403
735
192
245
776
966
713
39
233
160
827
915
162
134
963
323
153
9
20
783
146
323
630
793
383
153
603
943
300
458
884
55
194
77
300
970
43
14
9
629
526
189
544
41
323
859
364
829
869
736
612
15
59
595
160
794
748
763
737
401
222
622
456
768
699
109
738
94
475
99
723
1
640
619
394
964
479
759
145
700
847
109
67
907
704
580
701
805
343
439
558
917
61
14
685
112
123
775
558
598
227
634
952
867
253
698
183
84
809
680
136
657
790
556
564
846
136
265
3
831
56
561
749
469
928
786
933
51
914
492
2
141
126
306
360
731
4
896
816
814
576
304
471
718
860
387
917
996
4
920
828
61
834
929
882
762
715
816
165
629
660
167
122
138
825
835
869
830
83
37
996
659
342
819
730
202
206
999
551
562
919
379
975
753
308
858
867
375
26
33
357
686
200
831
824
378
666
45
560
749
83
556
761
425
727
843
979
285
842
530
847
113
909
823
867
569
681
86
945
59
119
302
97
320
133
273
50
152
318
610
253
401
166
14
178
245
209
510
530
51
40
377
165
302
200
384
223
233
470
520
292
590
174
741
262
308
14
312
812
333
274
65
86
792
432
265
37
993
127
567
45
519
296
562
173
849
298
397
82
120
917
727
62
92
820
676
752
835
988
916
168
614
981
254
406
765
871
443
759
350
362
156
870
659
70
43
508
368
792
942
488
710
21
551
154
842
227
258
677
568
174
197
182
507
803
941
625
27
384
384
377
747
892
247
758
962
643
266
682
435
560
522
497
934
425
651
128
5
261
805
925
435
354
459
943
509
400
568
536
785
304
914
884
548
513
642
862
508
260
544
944
820
418
793
754
844
797
882
849
58
39
126
494
745
585
789
255
986
709
791
123
13
57
359
561
923
1
775
431
261
319
727
433
737
873
540
933
670
774
134
728
166
260
574
911
198
363
166
536
72
310
659
437
719
18
350
642
371
125
426
632
444
505
417
534
378
957
819
48
732
954
129
898
214
703
161
412
419
680
948
843
342
959
281
61
329
631
56
700
109
834
684
905
339
102
439
70
411
259
470
495
565
599
393
131
655
907
896
74
587
196
917
929
156
550
342
837
182
398
890
291
232
926
196
924
28
988
994
792
599
816
287
516
416
33
647
71
940
543
497
527
740
766
456
248
317
798
437
499
549
327
142
133
254
690
57
634
30
403
426
629
572
66
145
988
99
145
411
39
688
260
566
780
26
374
380
343
524
818
194
425
497
336
559
103
379
968
738
409
724
516
391
296
582
888
636
681
33
47
72
74
659
638
206
685
364
587
29
241
757
575
666
606
264
577
710
643
546
800
404
270
316
795
918
251
36
554
284
69
953
357
495
612
347
702
649
64
641
30
305
750
606
323
708
870
901
418
865
447
218
269
69
887
417
339
490
453
893
774
874
198
483
370
810
831
424
459
895
65
490
552
167
448
875
875
318
776
646
535
575
864
804
996
103
573
687
593
26
580
720
901
130
203
623
940
386
47
752
633
464
594
185
983
42
413
858
712
541
504
247
469
721
51
817
176
625
505
122
3
437
194
256
568
397
879
860
136
278
964
769
742
558
307
77
952
72
936
664
613
792
911
434
865
315
252
394
292
757
516
647
546
710
904
114
459
135
327
595
414
291
717
508
850
376
586
802
448
874
819
61
18
82
848
884
397
100
630
41
209
498
689
755
208
945
222
19
80
549
967
846
840
684
355
42
412
293
845
860
167
16
273
185
98
121
421
848
221
403
241
782
901
282
538
461
227
760
481
308
661
800
154
501
836
861
544
248
154
741
108
673
757
381
859
207
503
632
407
76
36
649
859
289
931
749
751
159
861
232
819
522
32
325
23
220
539
919
468
693
660
576
367
769
309
578
977
812
562
384
241
950
385
452
240
317
201
991
828
62
575
647
936
959
324
311
179
863
231
647
557
243
223
276
13
532
854
342
697
416
78
290
367
464
742
959
133
943
950
961
357
525
960
645
484
284
956
663
500
187
662
57
431
885
685
796
769
891
138
818
659
568
108
378
32
202
337
517
145
287
478
854
164
438
499
0
75
456
663
575
995
677
984
778
914
669
574
684
560
64
854
219
633
315
598
17
517
287
535
15
575
365
869
91
804
721
92
231
529
755
806
876
785
790
655
699
811
229
383
723
294
590
294
279
905
244
296
774
532
183
789
459
549
11
550
705
84
642
936
613
750
94
841
535
236
496
234
47
78
970
122
724
912
416
3
817
661
651
943
545
835
733
4
736
744
906
441
180
549
729
793
651
823
986
186
59
483
772
106
561
742
580
285
654
996
640
823
9
291
767
554
126
852
910
214
948
817
655
128
718
384
273
369
207
259
555
618
742
679
76
655
774
656
292
780
653
932
604
14
576
723
569
54
927
831
269
875
648
