662
124
311
570
609
223
81
394
455
501
919
238
212
164
957
692
10
582
239
76
823
975
55
229
208
277
400
782
811
509
410
473
985
721
395
594
296
477
341
751
330
260
342
542
776
299
587
139
234
178
215
57
154
623
286
362
252
38
144
63
547
906
888
533
979
283
479
275
760
820
379
91
433
721
985
561
372
572
700
606
103
268
663
257
243
301
971
495
692
467
910
591
374
798
124
705
81
956
981
842
776
360
285
209
81
270
123
453
195
823
412
298
91
75
907
334
729
878
181
773
345
91
364
71
889
489
777
971
797
758
165
573
470
450
135
903
72
258
356
619
433
768
269
525
196
176
211
277
406
393
50
104
484
766
175
726
607
304
697
404
414
214
978
884
664
465
787
88
75
496
708
508
616
977
385
164
506
949
793
264
694
843
368
530
962
896
256
569
552
305
974
967
519
304
203
535
121
343
624
196
191
332
56
807
661
794
324
519
95
117
784
789
313
504
319
275
400
928
844
953
233
170
272
105
474
475
640
595
170
264
143
361
948
200
521
962
346
845
833
441
314
617
230
627
122
901
254
874
829
451
827
415
621
99
872
96
927
512
43
97
129
187
459
429
739
980
743
85
177
577
526
491
194
756
471
668
9
77
543
191
528
722
958
150
174
830
598
101
694
641
550
823
828
361
605
567
693
348
652
870
925
530
714
472
638
537
140
648
614
35
839
143
758
149
293
284
979
243
737
25
884
287
201
65
649
806
632
342
154
637
565
432
167
279
904
158
168
396
806
782
784
997
925
894
146
570
178
477
813
915
502
50
554
703
115
203
861
99
898
368
88
463
152
608
94
56
766
614
804
924
396
588
921
674
482
419
596
660
248
762
927
102
812
482
158
279
37
19
378
935
739
819
750
891
427
196
299
193
810
104
117
559
44
390
233
527
161
829
539
409
943
819
863
755
653
21
386
690
393
117
978
132
936
80
376
363
277
675
556
439
131
25
998
528
415
583
55
928
765
946
337
708
117
200
816
770
574
202
813
967
319
791
451
607
223
827
970
852
855
878
292
338
903
642
866
670
578
273
598
343
572
287
403
689
840
219
460
414
774
625
381
445
416
184
53
639
364
23
492
219
254
136
909
157
778
776
180
356
49
130
51
973
418
455
663
258
26
475
672
152
100
405
598
868
589
3
859
953
378
351
524
632
839
434
142
970
210
322
678
611
452
730
585
870
537
600
480
563
75
152
716
527
557
666
395
499
669
254
452
47
958
977
680
797
763
822
767
973
496
798
936
300
528
521
523
65
121
3
980
548
156
696
75
65
362
470
916
31
77
369
431
35
698
463
184
813
285
304
786
133
102
74
433
982
596
956
399
69
960
379
618
468
76
693
885
790
516
802
174
593
523
605
980
573
68
516
386
705
172
524
190
274
598
623
608
546
932
7
616
892
387
234
712
815
279
597
605
147
751
779
92
626
736
424
199
804
941
937
861
113
461
51
740
412
675
348
958
959
708
926
851
95
512
915
910
792
864
867
939
616
647
32
242
735
808
794
540
749
731
753
215
545
805
955
309
832
655
267
791
363
194
994
810
706
909
72
850
125
940
142
741
587
526
336
674
334
482
214
436
213
320
651
110
125
958
419
309
613
39
452
329
585
446
139
643
707
564
846
832
504
988
926
443
866
262
117
200
96
684
636
309
4
287
772
481
245
543
790
211
582
594
892
519
40
383
163
99
947
9
283
451
349
209
894
215
823
12
767
919
48
404
581
52
43
353
533
641
896
675
204
831
269
96
350
661
831
865
112
779
226
395
582
927
605
829
142
780
193
262
52
241
666
633
293
61
338
178
702
586
853
258
769
474
706
472
135
538
337
247
669
916
994
251
843
951
80
338
732
273
600
136
866
618
121
159
31
459
689
86
397
542
344
167
368
51
639
855
589
328
454
610
596
449
861
440
400
294
130
484
919
82
620
786
52
741
297
83
552
987
169
950
881
514
469
250
917
460
105
858
788
560
468
385
361
681
177
761
975
659
598
895
741
570
33
145
664
330
228
568
317
750
518
199
616
339
449
533
799
906
743
940
818
211
677
179
892
854
293
220
865
891
467
958
813
500
103
477
830
683
46
148
433
916
699
49
608
500
934
407
406
677
699
225
240
376
404
485
582
697
705
447
940
172
405
754
672
860
583
854
544
981
2
329
250
53
379
858
553
665
617
312
343
317
537
935
45
293
420
628
343
125
75
635
297
833
741
321
693
677
176
589
658
530
