976
581
592
753
25
842
774
958
233
939
771
135
239
491
923
569
308
505
436
782
445
438
727
700
644
19
328
155
392
80
905
368
14
849
474
39
43
248
997
276
188
120
412
779
612
335
700
272
192
136
54
638
926
133
690
922
152
18
77
544
450
334
265
464
183
739
503
226
339
852
503
527
973
267
658
585
954
358
209
146
846
263
136
772
748
826
47
900
196
476
796
647
811
61
111
346
800
967
573
492
819
428
371
792
695
30
729
649
740
938
147
939
553
636
63
301
462
110
553
659
587
350
658
750
411
769
96
564
736
669
408
556
449
779
700
496
809
430
497
902
720
645
193
274
281
256
927
95
719
481
106
306
183
764
56
594
886
152
510
974
174
918
530
975
50
583
472
211
13
969
113
85
614
306
711
247
915
639
695
634
472
801
292
655
918
348
601
804
852
464
778
378
734
661
354
784
244
178
996
609
147
461
46
114
120
758
713
35
749
408
21
221
562
313
228
480
13
181
636
865
645
766
596
380
427
950
516
23
128
864
984
627
326
31
741
446
789
455
833
538
215
854
111
777
167
339
609
180
872
245
397
518
12
993
250
791
295
118
815
775
983
799
755
309
830
496
107
971
303
940
509
871
146
972
648
313
663
258
845
536
855
242
406
867
588
656
659
883
774
826
11
109
977
766
418
160
614
877
131
270
169
993
141
315
965
141
980
629
399
825
517
255
68
923
474
8
931
485
243
57
311
254
167
289
372
937
449
987
815
932
257
984
925
750
300
891
891
280
872
291
458
741
898
878
16
372
886
947
858
129
4
521
736
523
162
108
461
963
447
276
896
56
612
821
806
264
64
698
545
288
341
355
29
591
233
45
963
119
344
173
600
349
47
336
224
209
797
685
173
244
313
421
301
926
242
107
190
659
157
87
947
498
442
977
89
675
374
405
146
719
930
747
420
329
83
644
539
880
330
64
125
643
485
778
921
79
885
112
738
43
199
686
893
642
15
335
669
741
92
816
460
374
563
880
704
998
525
243
231
207
659
708
202
496
486
124
575
371
236
314
766
787
352
12
781
719
699
451
460
791
619
921
165
182
153
221
532
30
464
763
237
475
471
440
971
957
916
547
681
152
213
799
291
917
811
73
988
510
876
448
653
495
721
171
29
875
392
561
257
209
677
847
684
148
287
656
458
555
555
491
707
120
290
998
389
454
423
377
964
299
177
970
794
899
141
823
126
533
737
735
742
414
582
427
914
221
435
724
776
342
215
483
814
506
834
203
960
257
932
276
909
109
246
703
360
739
879
838
273
968
574
367
734
156
794
648
378
581
373
154
275
940
990
89
446
176
644
758
785
576
35
694
38
633
750
398
373
981
237
646
949
811
13
683
319
160
683
697
93
408
204
369
349
546
810
795
722
455
906
507
383
941
554
421
574
304
820
299
285
409
945
586
572
311
269
891
823
304
941
268
713
145
637
414
691
800
561
765
255
467
624
638
760
178
412
335
834
232
986
471
993
284
57
565
595
678
808
770
983
749
38
48
246
28
462
289
180
375
54
435
843
679
425
603
209
837
290
44
421
277
515
414
561
925
331
508
603
140
630
938
241
20
986
840
48
800
129
228
176
536
15
371
567
793
974
776
982
617
172
404
246
40
170
159
965
854
667
568
346
649
507
587
669
845
779
70
646
261
298
174
797
666
545
716
459
871
492
441
840
17
197
86
57
368
245
22
574
264
590
920
913
449
507
935
295
639
5
293
900
655
467
697
321
364
413
132
587
257
926
428
274
123
866
683
843
464
705
417
728
296
337
994
97
197
929
392
836
934
685
736
589
504
785
263
868
550
395
808
159
321
588
786
445
454
469
640
918
175
58
999
823
395
993
920
944
274
665
780
560
350
868
501
855
5
764
75
555
512
235
67
833
823
853
630
278
674
271
548
849
681
899
24
428
244
297
373
518
962
153
430
664
374
932
519
379
696
947
287
208
182
706
394
6
559
24
636
233
647
536
435
328
436
811
757
32
108
130
551
422
635
981
87
361
265
606
93
962
905
380
522
88
86
916
446
997
293
434
582
292
970
17
621
758
829
730
791
289
212
694
712
199
27
799
561
293
757
6
607
663
386
129
103
824
398
549
173
43
335
755
335
657
125
308
416
306
38
559
595
602
605
659
154
632
458
715
277
568
73
884
231
459
366
686
635
116
587
160
159
922
915
494
579
40
803
347
698
193
906
294
148
511
305
302
496
116
369
773
684
442
10
267
253
376
953
888
844
540
48
3
814
315
849
393
708
652
93
406
198
351
52
346
215
358
648
711
474
17
836
158
459
846
777
64
574
730
304
418
622
704
773
436
19
623
181
727
627
274
486
825
978
538
523
193
248
171
256
74
540
92
584
351
291
361
415
217
91
719
636
713
423
409
501
795
384
683
874
12
309
360
837
287
251
361
480
499
884
88
926
425
533
510
128
824
872
544
41
315
615
29
381
391
791
882
186
175
917
60
187
227
421
377
866
24
90
347
875
974
787
801
751
320
312
880
144
536
776
538
851
743
567
232
134
710
115
320
886
384
381
425
611
154
802
478
530
892
177
405
219
964
559
970
637
871
202
781
407
978
671
610
722
591
843
856
301
310
529
539
694
910
965
658
416
119
488
946
12
17
703
231
333
262
553
970
485
756
104
244
86
775
855
160
718
50
369
20
360
898
911
406
160
876
416
576
996
904
874
360
273
577
943
607
840
496
577
325
252
681
570
339
809
777
499
527
827
868
899
539
118
811
945
278
39
714
854
387
970
728
747
244
658
690
851
498
539
780
175
791
462
745
482
623
874
334
502
701
202
754
240
321
917
538
599
956
252
806
696
222
886
795
466
544
838
669
394
377
450
570
168
264
667
3
239
542
337
741
243
539
495
836
212
412
374
164
721
626
322
769
200
208
564
19
105
402
688
499
779
490
421
300
754
89
303
993
983
640
87
226
531
582
62
96
347
788
612
420
414
934
189
615
494
753
634
599
508
674
451
287
165
872
587
919
313
242
265
296
882
352
875
766
286
289
862
985
78
474
757
844
408
946
459
254
52
445
206
560
120
657
199
637
881
139
908
547
381
173
843
616
877
718
382
164
360
244
501
438
718
259
282
478
557
94
732
609
539
938
521
11
947
73
0
829
212
909
376
593
82
571
209
960
642
591
476
2
835
329
440
905
588
722
383
146
168
116
107
708
406
981
71
354
54
72
535
266
981
263
211
415
834
421
727
476
364
555
478
552
885
270
457
473
993
193
971
513
661
79
221
67
412
645
421
466
69
308
732
402
571
295
169
406
716
897
234
433
452
713
337
689
983
146
163
328
339
486
842
0
917
415
420
329
412
193
795
833
502
879
235
73
175
405
831
243
654
66
28
458
131
365
148
114
512
311
795
203
797
989
204
715
756
976
396
169
169
192
2
671
423
590
97
950
995
928
194
1
994
574
459
125
940
607
592
452
918
739
655
68
728
211
135
484
187
883
5
709
75
8
732
851
950
829
801
945
758
347
946
104
922
405
582
214
365
174
18
283
265
25
703
345
589
190
829
128
74
187
837
501
547
570
352
497
399
506
794
509
205
92
614
479
849
548
693
214
74
711
850
339
89
553
684
678
96
865
806
170
52
644
671
599
566
376
448
965
234
242
827
439
334
793
919
184
341
964
750
415
28
600
106
117
506
790
795
602
7
953
772
412
597
795
363
163
523
812
481
757
54
660
549
741
453
820
277
146
784
27
561
164
980
19
281
486
809
428
88
168
382
212
580
331
7
944
847
883
756
680
640
162
340
189
255
145
9
884
291
146
264
204
310
244
223
944
730
32
724
170
552
458
382
133
790
741
77
637
624
185
669
617
347
9
158
603
154
520
839
445
666
103
649
328
347
872
624
429
256
349
599
808
807
333
293
949
427
370
586
403
555
607
20
255
616
179
210
122
699
49
919
717
153
920
397
852
144
22
282
752
723
233
913
530
919
206
480
346
577
418
101
484
378
122
91
994
653
301
469
704
351
388
773
856
309
170
708
453
544
990
206
267
224
119
150
143
677
982
841
254
752
942
91
130
416
182
125
421
484
594
477
187
334
602
43
643
773
751
449
669
94
7
937
670
126
439
165
803
421
6
410
173
300
853
304
69
387
781
490
223
727
320
410
413
922
805
57
47
909
858
717
3
865
6
673
343
445
838
498
218
196
260
743
848
113
399
917
501
532
760
724
611
80
487
25
354
292
434
754
201
292
471
556
509
829
581
852
626
771
350
196
967
611
939
168
76
339
85
929
871
197
654
483
277
141
508
984
785
294
738
339
586
561
895
447
742
477
299
368
248
1
916
568
964
855
736
41
546
821
970
418
19
976
253
648
469
113
984
607
407
722
946
345
635
841
792
377
318
91
97
919
444
13
487
409
869
223
802
415
396
124
185
767
101
438
768
922
903
752
529
310
827
475
7
462
317
799
840
987
242
937
258
687
951
745
448
172
320
250
939
69
374
125
188
827
563
956
750
467
61
279
129
888
755
137
702
424
288
542
763
531
832
22
570
135
119
18
659
792
268
598
861
994
723
49
822
639
358
572
458
419
851
587
659
958
76
361
734
365
256
498
248
440
872
818
575
991
836
234
135
456
832
348
450
908
750
624
547
108
196
357
879
400
944
890
710
373
251
445
738
859
943
986
299
167
156
226
510
992
812
646
800
997
994
602
905
744
227
804
204
775
161
435
527
457
325
238
830
929
683
920
788
978
258
440
497
414
666
7
758
479
5
558
828
0
161
733
96
740
537
653
515
50
88
395
507
766
633
338
695
668
610
835
998
869
275
495
635
294
854
394
125
860
304
953
212
465
38
308
557
927
313
425
977
754
820
484
520
805
174
567
825
785
402
823
6
30
670
641
324
524
35
801
736
340
754
948
157
792
609
67
719
274
492
48
28
664
532
548
469
707
467
294
844
870
469
850
900
139
491
576
15
879
377
104
571
483
52
80
627
13
147
698
288
991
746
316
655
278
217
476
337
684
770
181
906
239
383
158
730
227
734
98
106
463
202
29
946
606
109
573
620
609
623
908
952
369
576
608
0
145
84
337
830
207
871
88
798
254
247
881
833
333
979
939
797
533
320
95
139
430
21
759
391
644
19
343
14
948
303
14
93
740
703
923
299
574
12
97
181
611
978
14
944
309
306
741
842
626
189
982
408
210
93
151
206
465
847
572
413
150
586
506
890
642
782
189
568
794
639
101
405
969
468
701
631
126
443
473
752
984
807
513
194
253
16
752
718
863
325
131
14
263
637
256
905
771
798
826
565
789
927
322
758
395
376
389
521
819
215
626
155
374
491
701
627
507
453
345
723
778
828
737
42
818
345
299
589
495
125
507
284
53
181
43
800
557
784
322
728
351
300
883
726
791
584
353
650
38
51
373
168
879
462
562
697
160
862
287
655
339
794
940
744
975
335
545
533
471
219
261
823
871
497
549
662
81
902
664
119
953
390
640
833
852
202
882
12
416
169
668
756
315
960
500
643
295
397
176
766
968
789
589
839
638
138
853
720
393
518
191
698
908
831
531
112
386
766
477
802
935
145
558
603
457
411
246
752
160
422
870
129
563
812
320
202
302
174
274
695
44
465
394
304
649
277
768
35
43
245
837
331
742
748
934
199
511
180
303
671
954
174
152
869
986
825
71
288
351
697
336
747
163
82
51
164
359
171
199
755
417
388
86
159
136
20
359
999
200
14
23
506
188
175
375
526
352
799
167
703
496
503
802
11
585
853
175
296
377
726
51
794
115
137
305
603
509
16
603
709
31
626
567
219
153
943
98
506
742
265
561
590
768
364
602
705
569
129
1
946
856
53
92
323
542
398
926
52
414
881
113
797
507
681
369
661
976
467
519
718
732
80
660
852
796
614
557
366
96
558
664
304
963
757
627
506
507
905
910
273
787
23
71
294
56
440
307
32
907
826
102
639
259
763
843
55
377
400
773
825
310
438
129
626
195
756
484
54
662
394
327
449
769
398
95
826
838
403
858
97
229
961
88
488
724
931
896
453
331
669
279
994
107
408
972
654
517
456
708
179
850
36
980
971
786
427
797
625
830
656
722
412
617
811
252
693
742
148
498
426
818
129
772
277
538
744
284
407
200
992
938
402
380
918
373
167
697
171
144
528
179
218
292
796
381
544
841
476
45
339
254
215
469
26
844
359
122
128
766
674
473
704
76
205
974
801
724
671
324
868
551
503
439
195
651
820
92
844
296
137
184
902
704
5
928
548
716
402
677
834
76
502
538
504
707
864
306
432
887
982
652
791
838
91
986
841
264
78
686
560
567
222
815
271
579
743
172
295
146
201
129
574
703
19
79
410
235
737
194
474
71
847
265
909
938
604
103
202
682
141
115
602
363
930
873
294
25
45
589
523
598
70
450
301
441
529
64
676
618
258
150
689
105
768
599
396
372
54
950
406
195
417
8
910
699
234
204
77
631
145
952
230
215
402
531
8
931
595
36
901
206
186
591
311
306
542
59
678
596
362
437
791
779
445
53
479
679
257
908
663
402
860
893
969
263
776
977
546
724
13
448
930
551
39
593
858
933
5
888
529
367
677
672
146
123
725
977
154
982
885
817
736
98
62
705
713
839
34
259
563
399
59
845
302
450
438
512
383
443
401
264
162
78
288
309
553
13
638
60
347
876
229
435
974
292
492
687
483
526
298
398
277
358
595
580
160
33
92
896
829
845
160
991
276
449
652
829
814
291
241
514
167
471
949
493
115
442
180
950
968
478
348
598
188
943
178
701
328
270
597
509
116
757
853
744
558
857
573
725
500
815
239
667
638
188
512
753
630
692
703
951
523
403
549
63
698
79
764
26
349
361
888
817
471
93
561
381
950
487
106
451
654
345
470
292
534
983
397
516
27
452
467
550
207
368
614
905
447
730
283
149
92
171
966
915
616
880
296
567
367
755
18
373
452
840
17
986
823
766
855
203
218
674
753
425
43
719
682
842
802
965
991
894
489
310
161
105
190
809
24
909
564
394
634
17
235
651
355
410
417
562
613
987
237
719
764
632
790
446
474
592
763
466
838
604
776
999
710
318
161
86
579
77
481
213
446
68
864
154
830
633
716
796
620
953
515
384
585
305
830
60
250
945
878
88
550
6
440
612
676
953
698
255
30
531
820
477
599
684
631
782
317
699
578
289
653
93
673
590
750
503
2
352
800
232
441
350
238
233
962
914
186
661
521
216
544
341
45
144
25
28
926
694
728
856
983
733
949
8
323
51
863
678
404
664
910
197
14
149
782
977
415
968
990
937
536
534
278
934
30
656
962
308
702
690
164
38
423
465
46
99
517
910
777
273
574
687
470
588
188
252
917
604
572
907
541
460
794
171
394
824
827
357
485
530
399
649
568
175
115
614
626
984
876
403
257
450
442
79
391
983
683
660
587
255
920
480
715
714
651
110
890
831
819
375
361
570
25
281
745
492
247
371
476
124
126
85
926
921
164
317
904
847
978
843
454
250
675
169
964
678
631
854
509
450
582
222
21
959
503
118
451
751
842
279
875
968
364
801
241
528
471
497
727
801
692
181
51
367
350
367
46
334
573
555
784
155
130
157
114
633
276
917
736
470
196
611
790
560
765
32
440
588
529
167
741
222
348
792
941
51
159
987
385
84
895
521
240
25
679
706
10
307
624
747
777
172
710
567
733
827
951
173
415
833
341
156
407
41
300
348
92
811
688
829
896
935
351
488
960
30
546
322
689
170
69
818
343
132
737
428
959
689
601
727
874
294
883
281
336
536
981
780
347
669
610
595
956
961
83
268
343
630
591
384
152
660
202
847
792
291
275
104
332
877
831
206
523
66
839
211
602
821
992
950
842
602
545
799
915
981
67
610
611
658
994
115
671
548
963
815
839
238
919
172
467
102
730
991
169
570
202
771
391
546
721
233
500
619
384
415
600
452
377
563
110
371
678
133
271
641
949
463
880
220
635
699
323
717
690
492
287
245
615
30
143
689
616
644
308
0
411
260
452
789
175
915
512
853
400
784
847
701
247
79
922
234
778
597
303
821
441
591
418
56
973
561
745
589
205
405
590
969
665
394
758
192
661
622
398
62
758
245
763
357
676
37
943
454
986
247
627
427
190
45
836
163
959
933
753
516
339
695
485
356
441
243
549
103
218
947
517
976
544
632
334
220
22
277
26
8
876
654
788
66
51
976
230
10
909
335
527
600
30
364
957
823
960
858
926
178
805
795
154
701
780
840
921
802
470
947
162
346
953
302
413
357
278
995
719
540
330
598
140
712
963
449
535
923
307
814
101
464
961
607
165
741
448
438
543
270
738
58
616
691
360
381
48
991
728
120
531
58
718
23
122
681
473
10
604
132
824
705
597
137
313
114
879
113
553
774
383
291
832
351
334
193
85
735
184
813
855
67
224
573
90
346
255
563
356
211
48
532
917
645
670
582
111
901
47
16
675
782
659
508
133
994
701
570
729
237
384
936
304
608
509
746
306
116
662
15
328
710
899
597
707
569
531
818
822
578
187
498
360
846
6
845
840
59
416
921
296
152
209
952
760
719
698
418
187
712
433
867
422
333
464
129
254
995
300
77
925
487
575
637
333
933
483
526
992
251
799
640
403
9
944
515
80
994
933
267
707
719
135
129
52
951
611
658
947
263
735
872
102
662
510
787
947
345
313
939
596
465
931
351
474
875
866
554
870
151
173
577
870
308
58
274
612
21
933
559
284
20
783
738
35
645
526
982
990
839
274
938
304
205
289
130
81
507
684
951
11
210
880
881
870
290
156
482
312
441
41
948
461
177
687
848
822
213
831
813
404
105
103
61
310
745
191
743
604
228
46
615
438
926
849
308
569
5
143
233
798
536
181
611
713
220
460
536
785
291
701
190
396
804
603
58
901
794
802
506
374
848
121
164
127
970
825
696
327
968
929
125
504
462
89
218
683
549
106
468
840
159
10
588
963
613
998
217
760
152
723
134
1
196
651
480
519
476
528
846
444
809
324
948
623
413
518
658
314
624
127
154
135
489
94
451
455
92
668
215
245
743
701
598
939
704
430
458
180
958
657
624
119
333
925
742
98
795
401
412
772
880
918
907
721
12
358
176
456
26
743
53
769
797
651
61
501
433
519
682
391
528
658
862
861
935
605
311
731
358
723
855
238
641
762
959
5
121
488
462
499
231
867
621
380
871
682
882
304
553
916
48
82
926
910
295
862
867
607
945
225
682
800
815
324
562
775
681
35
615
143
535
846
363
156
579
234
190
461
538
743
729
586
825
655
849
473
517
716
80
462
294
762
614
109
438
177
236
120
564
851
615
451
50
978
959
629
564
149
442
103
893
171
41
70
826
890
543
696
607
975
510
253
90
125
362
880
654
599
352
218
802
968
670
852
298
629
833
215
131
275
318
24
798
359
446
625
250
990
673
209
317
183
814
407
308
176
288
962
127
640
533
930
960
203
134
611
184
968
826
315
595
144
691
394
855
138
371
457
480
44
18
797
227
832
557
888
9
845
202
136
837
735
418
798
290
553
761
827
521
587
494
116
83
186
510
290
676
881
748
156
277
118
305
505
951
862
745
312
59
947
800
897
35
219
47
677
124
808
504
997
747
999
113
830
537
976
120
213
209
220
721
839
339
26
344
642
241
441
306
300
740
106
549
775
677
596
805
801
404
309
798
151
308
264
333
845
592
806
410
153
378
131
992
69
510
688
711
751
129
17
51
870
476
601
997
505
549
802
307
954
464
457
457
124
73
143
970
665
301
732
819
679
864
163
101
374
852
164
125
333
534
528
555
10
481
905
515
31
707
174
337
523
984
146
648
57
641
970
75
942
702
246
974
566
409
75
292
613
591
769
947
125
650
502
135
131
407
3
514
467
529
203
990
513
350
638
923
991
960
998
286
663
244
612
581
5
39
226
619
630
995
918
756
645
420
243
129
180
598
995
647
128
199
989
993
549
980
916
892
940
266
530
955
862
142
537
868
533
115
839
164
110
757
272
108
529
515
589
709
114
584
708
594
783
50
587
684
30
856
929
322
122
459
278
985
954
167
205
487
634
396
651
744
153
275
204
682
791
793
392
257
730
452
203
513
502
790
550
884
998
479
207
473
938
837
810
244
356
15
732
990
411
735
86
916
11
291
598
154
436
342
411
166
147
966
680
649
756
230
534
107
61
93
580
351
930
390
596
638
757
680
628
520
767
714
436
778
357
386
284
794
81
47
960
580
13
992
229
122
574
115
229
635
208
161
987
490
551
935
128
660
615
108
180
382
175
968
513
532
706
797
326
139
197
639
719
210
983
949
332
558
416
913
545
977
74
884
819
977
819
948
637
786
408
169
169
583
137
34
116
196
183
794
335
380
785
55
943
769
356
275
679
124
541
224
101
615
109
921
945
280
221
582
67
629
104
236
565
241
622
33
789
805
827
125
538
965
532
481
734
888
108
413
12
649
989
466
617
98
387
562
731
608
496
798
589
600
386
506
194
8
539
983
813
719
108
351
684
640
184
770
880
293
535
893
942
524
359
911
975
98
473
706
58
322
504
999
922
890
506
468
250
45
452
415
764
912
119
800
553
303
570
785
596
105
678
539
982
389
450
957
839
276
15
897
598
519
249
872
761
755
341
11
152
793
426
269
57
545
69
610
201
992
396
797
449
426
336
431
168
139
740
359
767
755
257
717
626
858
589
387
613
282
750
117
427
529
386
485
426
808
447
627
152
843
425
601
622
113
385
142
604
125
501
371
881
110
440
859
968
382
247
933
664
349
51
444
230
789
929
657
597
376
636
749
572
61
703
546
527
88
688
483
213
541
207
446
652
647
306
620
29
905
906
46
254
957
490
485
98
771
494
696
499
130
797
423
544
500
969
423
588
9
906
154
551
113
600
203
113
258
175
142
163
433
540
770
390
30
607
841
153
101
537
653
583
686
76
479
187
398
902
127
407
161
633
310
626
234
865
739
844
393
234
8
826
126
778
569
509
737
410
662
190
299
315
773
985
744
605
524
142
859
4
901
20
637
212
999
223
77
90
68
470
324
428
649
803
558
218
312
295
628
974
485
927
290
610
912
386
567
789
528
427
793
429
799
430
641
798
6
71
889
74
893
565
502
542
368
60
760
680
707
740
7
544
667
649
154
932
35
722
721
563
149
866
344
300
648
338
99
654
409
340
80
654
257
582
197
978
994
309
10
53
50
17
597
69
666
752
1
701
826
74
616
327
292
961
627
941
299
78
595
60
770
28
714
28
610
263
358
957
925
368
362
975
386
960
396
404
64
750
458
242
176
74
569
469
387
548
762
38
979
357
98
749
737
165
129
348
780
487
657
705
208
19
32
946
331
781
350
395
531
160
637
707
235
558
528
974
459
290
13
438
0
463
539
737
980
669
437
761
508
446
818
716
818
851
14
149
632
717
897
515
877
886
574
464
445
103
439
256
393
804
694
745
619
233
483
600
254
920
713
763
367
531
831
185
734
846
686
718
563
583
233
792
470
808
257
267
263
696
523
656
852
569
402
471
802
237
71
57
157
784
172
876
668
355
413
402
553
100
121
468
35
706
261
857
866
518
476
129
566
351
138
418
920
892
241
723
129
665
132
638
449
656
867
117
11
280
872
565
732
993
33
768
51
294
977
918
164
454
47
730
805
185
500
726
429
94
801
558
759
285
549
208
941
416
678
952
48
550
517
781
895
551
901
946
197
878
864
362
332
264
92
138
801
945
216
231
39
17
789
798
302
690
358
243
106
388
195
507
290
65
288
185
616
541
484
165
419
700
527
104
964
972
594
766
917
810
997
956
179
138
106
481
181
816
76
287
205
623
794
495
688
434
33
656
975
517
822
747
569
701
851
534
673
797
652
590
607
1
898
786
491
356
619
672
173
47
312
378
22
458
873
711
893
258
719
220
775
893
967
697
595
170
583
268
967
235
211
926
588
109
64
431
818
683
104
991
82
768
369
105
226
594
168
119
853
887
692
980
133
11
677
80
182
612
348
501
199
911
428
787
373
492
571
191
528
675
182
610
795
903
67
21
497
235
493
702
475
185
35
608
196
64
40
730
677
388
232
876
652
12
16
25
504
587
216
384
614
750
347
409
653
414
782
502
650
275
557
477
812
592
85
361
8
125
91
685
865
675
914
869
39
930
894
544
869
462
280
483
212
627
244
217
394
26
720
44
654
629
521
466
221
958
179
581
435
623
267
652
650
533
522
690
815
416
586
684
231
866
519
443
846
763
661
240
141
733
284
795
362
157
614
935
467
793
516
902
768
135
906
419
668
428
109
483
197
695
519
428
561
390
223
407
153
236
999
647
969
635
442
683
792
408
618
611
554
487
865
322
622
772
741
643
552
850
478
749
897
998
529
811
388
753
218
894
989
570
541
311
205
335
994
350
744
965
961
650
452
827
972
74
951
66
717
503
268
196
253
166
546
134
977
934
887
547
180
877
117
721
540
323
409
534
673
153
499
986
803
951
165
127
378
116
193
95
620
814
643
225
980
189
359
309
476
599
856
656
828
326
730
368
649
139
902
674
644
754
12
799
705
178
926
83
294
472
531
266
286
174
843
618
364
203
927
192
802
135
848
982
461
578
350
462
69
252
488
713
358
501
512
64
679
791
499
325
615
30
944
901
557
787
871
273
342
798
465
496
933
313
478
747
244
828
209
313
433
698
27
791
199
891
207
230
682
707
907
649
89
851
902
998
991
773
271
333
923
88
830
857
402
308
956
998
489
165
663
274
863
690
65
414
934
625
996
968
684
904
618
125
107
520
124
98
294
747
784
217
836
614
426
238
274
382
588
115
900
251
389
763
294
807
530
228
432
526
548
468
782
166
593
242
39
717
692
685
465
476
902
301
442
681
891
717
415
831
832
315
82
574
431
728
381
961
308
165
839
857
633
622
375
226
216
414
296
908
451
761
385
706
414
827
387
657
896
154
488
81
470
922
655
901
651
388
214
959
553
53
168
186
27
896
412
243
662
60
504
114
821
889
820
587
68
207
244
965
361
84
46
183
7
53
436
10
441
650
969
994
56
490
180
83
386
944
679
48
5
183
162
178
424
334
118
492
893
714
809
255
799
855
790
806
260
227
816
701
877
137
695
933
979
227
369
365
524
400
766
881
583
280
411
359
615
529
851
508
244
661
115
395
868
258
201
129
485
369
830
714
858
878
0
838
457
369
555
333
769
673
566
704
306
978
63
921
859
914
781
455
927
249
850
148
507
403
277
344
124
459
58
983
689
58
173
147
779
728
832
548
754
399
252
60
729
315
333
588
582
114
396
861
715
246
9
574
2
286
918
126
98
329
109
787
387
282
286
167
363
471
67
117
870
320
177
599
987
510
539
921
976
935
783
692
534
144
618
536
783
537
14
881
866
124
20
605
758
659
772
121
130
192
590
352
864
767
951
203
629
842
125
606
130
260
650
664
404
268
552
187
805
918
420
23
42
441
629
153
100
753
626
582
945
217
934
161
984
237
365
614
79
490
572
209
102
222
225
858
490
129
398
648
48
818
23
442
611
652
595
711
758
222
645
55
439
579
217
775
816
582
741
248
424
313
457
878
887
35
736
378
516
134
378
564
305
401
7
916
406
954
980
516
528
625
571
319
205
140
95
373
74
836
621
498
502
431
728
389
466
465
119
982
951
849
899
256
603
258
525
361
212
505
877
93
482
800
412
39
941
507
413
367
696
386
218
550
817
946
939
635
763
411
970
67
260
869
675
863
479
200
224
43
705
453
136
188
254
549
227
547
408
992
914
456
379
484
6
548
431
298
184
194
709
154
613
321
375
289
537
854
489
761
897
547
567
34
87
173
935
666
720
343
659
986
800
390
471
158
938
254
456
122
800
165
628
414
839
355
703
376
209
192
489
459
91
56
493
178
229
780
845
301
123
856
288
275
246
111
434
536
365
242
11
165
760
991
579
599
347
282
975
556
827
464
367
918
873
212
449
102
992
646
404
468
502
44
95
100
155
881
988
520
124
999
685
884
991
617
483
338
251
810
246
430
274
966
701
147
178
150
602
171
796
6
991
650
50
86
102
557
968
90
77
92
90
114
976
433
83
811
123
335
621
721
765
247
687
466
747
866
616
349
389
764
707
380
766
757
466
868
314
434
959
743
878
401
209
854
186
293
17
309
628
638
382
745
238
70
212
985
288
180
334
677
297
41
57
63
150
875
284
816
310
243
559
188
996
120
395
182
413
764
843
393
755
225
139
993
647
351
978
935
883
664
612
180
705
21
596
207
897
880
23
559
475
934
99
823
54
846
357
820
611
200
213
366
777
352
711
425
55
689
360
291
353
325
823
410
698
419
617
947
651
640
858
478
926
310
301
980
156
658
152
119
210
366
837
988
718
548
413
126
589
125
417
294
802
240
704
501
12
321
448
15
313
659
494
591
969
795
924
125
806
76
597
16
442
786
4
513
687
769
639
276
247
408
571
49
0
627
902
364
949
703
380
614
362
226
206
331
21
482
808
179
558
405
196
1
544
552
514
231
674
505
507
921
265
430
322
617
58
225
982
359
280
714
325
642
940
883
973
961
365
781
493
924
539
689
925
435
593
791
666
267
648
525
540
265
956
215
882
366
792
864
725
72
578
50
714
870
934
39
184
651
172
677
575
63
366
852
498
311
995
164
931
995
690
471
260
998
686
143
364
478
359
441
902
290
491
616
160
777
7
344
429
180
373
356
243
91
209
742
403
204
258
334
552
300
157
812
650
844
307
14
674
19
455
929
661
299
897
173
428
905
870
857
85
243
566
680
335
775
422
90
331
33
424
883
333
581
48
984
777
707
350
804
726
158
733
739
457
630
913
237
887
783
447
972
378
13
653
713
140
427
803
471
812
579
707
498
513
107
834
642
814
184
446
893
694
531
632
503
514
897
741
401
32
188
726
411
201
731
476
341
158
632
164
323
211
223
821
76
330
655
719
497
191
165
390
886
49
374
389
563
272
130
316
304
318
42
67
871
773
544
564
284
528
729
607
739
952
428
816
283
435
887
780
626
52
522
512
453
896
254
368
520
384
685
177
55
79
244
278
853
140
843
489
668
572
96
760
524
876
928
159
311
815
291
289
219
813
154
673
62
408
41
934
144
78
111
551
158
708
830
363
848
673
852
869
245
300
629
121
176
557
633
839
724
276
128
943
90
634
968
504
42
362
438
539
440
902
90
950
610
920
313
458
593
517
327
190
817
308
664
345
217
297
184
941
573
665
237
15
651
205
871
46
919
662
585
360
564
675
662
174
948
976
632
893
845
312
436
663
972
100
360
190
749
897
131
674
914
720
690
565
278
913
611
197
575
196
557
139
224
572
313
524
900
298
417
745
962
853
760
934
305
121
124
54
18
608
729
932
328
771
849
606
684
461
804
612
9
713
751
585
637
417
109
537
715
879
283
677
84
43
611
742
516
736
796
534
696
877
818
24
0
20
983
37
833
139
649
842
204
752
780
842
169
241
379
884
472
662
913
557
58
525
299
574
613
447
109
309
677
279
333
29
299
668
66
132
807
67
327
12
820
459
854
341
700
233
578
173
248
491
82
306
16
733
880
629
532
341
290
209
973
976
591
624
644
657
757
452
77
436
816
249
895
670
590
947
255
168
120
503
660
554
809
28
287
42
10
820
383
300
381
356
276
972
981
921
982
90
725
411
878
541
660
125
563
602
72
818
771
545
674
783
99
835
163
739
229
173
911
613
474
292
321
102
617
654
23
599
96
100
10
974
641
22
451
556
624
876
727
747
421
401
882
872
588
46
963
818
219
874
783
45
167
456
148
136
111
523
735
207
624
97
534
265
119
985
174
743
861
901
843
634
654
725
859
242
771
822
412
343
49
195
388
568
652
888
704
115
412
439
322
36
888
208
653
7
194
827
102
407
728
945
394
382
671
253
977
794
427
741
137
476
289
878
44
293
766
748
408
178
539
82
214
427
291
868
786
837
47
241
596
776
186
990
510
209
595
839
356
23
581
493
851
870
371
896
163
490
996
923
668
888
5
235
315
648
103
454
837
502
695
434
630
233
776
141
443
372
332
799
395
265
644
598
135
368
846
650
858
843
925
526
731
283
761
398
283
216
852
121
719
899
907
701
133
683
842
576
55
527
727
802
792
723
401
280
91
247
282
301
442
208
828
525
843
941
924
126
510
128
247
581
28
154
282
161
190
477
89
245
4
816
48
148
891
801
428
983
48
63
284
491
271
464
16
114
758
292
592
268
421
840
201
449
346
483
962
536
312
51
134
668
219
182
817
110
983
597
445
383
660
82
226
283
898
243
749
656
535
342
276
308
534
477
109
232
313
71
769
977
474
255
998
693
789
815
156
772
764
953
507
425
35
734
60
934
977
810
942
864
152
571
525
38
400
634
270
65
58
391
43
884
646
41
930
435
208
86
559
972
39
67
749
427
801
162
713
130
972
655
346
476
226
871
514
627
858
784
692
268
176
87
152
822
480
82
610
688
168
169
13
560
236
114
339
389
276
52
519
248
59
218
76
638
89
590
617
299
727
661
567
255
749
720
429
229
154
39
270
675
209
283
587
445
397
926
187
674
330
706
274
389
924
351
379
366
293
996
665
20
10
585
275
111
657
705
692
811
96
962
486
305
597
73
103
995
999
290
21
681
348
295
423
273
998
802
991
292
151
8
664
161
593
292
624
250
349
316
414
445
279
900
751
876
326
206
223
325
496
244
359
844
892
782
469
890
584
812
534
87
821
199
248
766
491
872
17
840
541
431
637
820
683
388
48
9
594
272
687
442
868
46
639
760
828
460
3
764
273
537
852
94
88
452
860
579
677
229
771
218
12
409
38
48
149
438
57
96
710
96
890
579
494
529
691
674
990
694
439
263
232
643
709
320
95
921
252
124
503
375
342
515
136
732
915
286
171
325
734
233
421
624
812
916
154
504
590
496
198
381
111
782
24
172
455
472
93
59
596
948
434
939
464
923
23
731
209
194
56
295
428
478
919
592
746
425
448
688
921
999
422
384
781
446
556
588
918
2
647
867
950
434
806
766
357
181
498
918
376
554
213
156
384
132
748
130
910
549
171
183
548
593
568
681
391
124
270
662
126
917
529
77
703
687
843
60
868
693
978
244
248
191
752
632
676
853
115
586
402
286
121
950
231
689
631
622
814
253
284
292
523
813
721
226
852
917
287
721
610
265
317
210
809
70
843
837
923
310
775
677
948
896
627
179
586
610
153
752
864
438
396
387
603
118
613
456
387
900
529
997
518
846
560
679
268
403
516
543
65
643
220
13
539
199
544
477
810
697
229
674
487
626
413
91
96
26
899
483
279
428
832
149
626
392
828
895
147
696
438
212
339
11
577
230
210
473
708
20
171
937
46
658
915
459
101
11
486
352
846
117
780
31
266
407
423
446
654
923
494
92
487
185
103
65
415
666
538
123
686
61
61
733
72
328
544
525
692
382
878
538
499
10
921
117
769
345
915
423
268
761
868
107
946
323
172
362
989
63
485
28
124
898
113
548
579
657
74
271
40
952
161
891
314
83
361
84
780
276
507
400
38
727
507
336
51
680
698
392
95
536
420
571
434
533
120
13
191
546
636
583
498
798
474
164
881
835
248
661
464
108
413
502
835
920
190
238
952
889
631
47
425
403
619
211
937
91
225
480
637
861
63
487
11
537
651
244
725
252
905
189
360
670
43
547
591
233
786
543
122
769
943
899
172
562
111
109
5
688
941
994
901
4
481
913
894
484
157
619
736
415
160
448
85
203
996
28
788
134
572
263
903
515
162
427
429
625
537
434
313
830
780
567
835
261
480
81
745
989
52
834
756
212
282
194
415
630
222
555
764
146
818
19
661
981
447
442
606
336
228
272
166
8
839
353
269
671
434
367
12
486
553
769
698
187
315
465
818
537
21
934
684
839
954
697
172
401
140
131
737
368
403
255
729
594
609
998
265
395
717
277
882
622
398
932
810
713
398
628
603
771
914
287
962
868
984
135
621
476
618
710
197
21
966
926
615
927
276
232
322
994
861
556
968
260
489
778
325
239
758
928
362
673
567
324
893
552
811
515
380
429
577
577
802
895
503
769
822
780
1
497
126
215
53
446
827
894
225
152
133
983
433
495
8
0
172
254
904
983
121
285
765
698
214
567
594
718
689
768
850
690
617
328
257
671
774
84
917
351
589
51
687
22
898
695
22
422
301
927
758
422
564
523
121
778
442
67
848
131
187
50
174
805
730
431
828
857
868
745
208
457
148
895
479
399
943
853
821
244
132
579
19
696
102
140
827
897
559
27
28
746
78
202
903
808
986
731
17
854
829
226
663
977
473
142
376
768
347
198
365
480
777
384
176
232
876
355
129
435
383
509
533
461
64
437
621
50
168
639
256
349
217
919
327
42
413
55
163
760
605
528
240
735
264
769
967
140
476
448
575
859
957
108
672
21
897
646
423
418
637
679
767
854
950
446
248
363
854
411
476
459
939
716
194
203
837
513
695
314
313
270
173
271
731
198
292
980
844
68
398
481
747
166
687
50
964
935
413
818
347
241
630
638
958
824
842
147
690
889
813
3
512
339
274
243
537
919
575
381
987
974
862
86
492
549
136
456
836
902
627
183
143
257
822
453
433
16
953
123
905
766
479
417
105
753
12
642
24
588
375
363
914
589
802
406
138
290
214
975
544
841
510
688
98
684
493
532
700
446
655
958
213
134
727
670
240
92
665
616
680
40
332
594
630
486
352
120
776
566
447
321
408
958
361
506
642
854
390
695
653
398
5
218
884
732
888
476
824
553
93
856
594
777
802
576
263
154
696
39
721
144
712
481
454
73
339
96
280
730
143
933
128
148
151
364
233
391
841
57
297
286
266
891
63
68
819
326
223
515
717
296
11
782
777
465
855
116
914
135
198
57
420
678
558
923
43
791
315
884
200
612
170
466
855
585
535
26
263
110
541
980
406
553
114
183
370
970
651
284
457
202
342
230
880
252
153
923
43
820
159
243
784
681
710
991
618
597
17
881
707
911
214
113
816
328
648
186
298
651
471
108
853
165
338
734
417
843
9
460
16
521
55
800
554
117
144
173
714
513
54
773
424
268
886
240
597
886
427
247
538
898
707
743
63
397
829
832
241
839
292
609
712
699
761
266
817
905
439
531
419
494
305
195
114
543
436
63
782
863
663
320
113
370
415
528
768
245
360
361
436
4
970
148
703
83
414
520
341
206
404
112
52
61
307
166
956
743
582
738
958
245
410
423
615
826
303
735
71
663
96
859
19
418
7
723
854
773
595
195
979
999
307
383
412
614
902
369
710
484
107
668
729
518
444
344
696
747
80
119
763
528
978
782
299
985
505
153
110
453
700
442
452
7
825
865
621
727
586
683
211
693
704
940
563
148
637
259
895
69
378
658
597
356
793
248
693
650
753
804
103
453
246
556
460
71
773
434
151
359
117
362
404
173
303
968
321
292
227
569
361
958
579
310
314
372
559
360
23
664
164
126
118
410
34
930
833
159
716
984
870
186
699
275
359
354
243
33
646
822
602
7
780
181
317
447
906
228
807
281
245
323
407
715
733
794
997
918
953
714
903
824
252
602
451
611
956
694
644
954
868
598
961
649
132
630
448
38
211
607
319
808
930
78
523
663
872
520
933
178
586
188
354
838
142
805
802
450
851
798
404
719
397
717
720
881
700
168
919
911
775
590
71
705
668
594
720
893
466
6
423
53
194
129
243
337
286
45
787
137
196
192
208
945
909
929
826
961
449
97
872
577
687
943
634
707
889
707
600
356
713
375
761
907
504
4
244
790
50
384
279
598
576
488
543
837
769
369
799
218
818
23
147
505
319
782
212
560
489
165
916
202
540
677
461
397
34
706
187
436
442
819
34
370
307
577
207
428
298
358
998
116
734
146
973
405
280
185
965
769
350
234
323
243
263
784
640
297
842
827
733
284
646
767
654
305
696
214
85
346
924
84
814
10
582
787
415
862
325
733
983
675
967
658
918
582
442
558
880
637
738
613
273
736
733
280
394
429
846
479
128
122
563
942
133
145
82
900
359
407
633
342
82
952
0
353
535
795
263
415
784
1
380
57
90
113
689
484
895
535
315
375
658
231
669
143
728
751
43
88
158
29
430
593
981
783
298
868
578
561
635
714
915
16
123
5
481
813
841
728
700
508
103
710
739
773
853
468
876
249
908
35
278
690
980
611
473
278
480
403
191
115
117
106
483
593
463
317
406
656
45
458
165
501
169
904
626
374
724
502
975
632
889
253
675
221
217
148
499
49
904
691
516
373
797
0
966
613
317
372
269
714
183
434
567
704
691
193
78
767
48
406
752
937
11
427
159
228
927
10
277
831
53
794
205
851
146
523
816
815
248
85
529
431
872
449
135
563
642
565
682
690
971
434
980
983
213
491
563
141
853
193
324
907
339
881
110
485
405
926
652
653
363
533
436
235
982
571
150
625
488
833
667
812
619
999
147
833
842
710
326
696
903
650
603
242
532
713
79
289
991
731
942
354
617
378
590
599
301
92
576
789
925
244
953
897
595
100
730
438
811
56
134
66
58
89
661
590
802
92
879
145
176
173
499
793
903
89
392
204
182
969
346
459
565
299
356
160
400
438
598
563
846
84
629
905
173
642
847
327
735
727
472
911
252
972
704
156
413
96
712
947
417
58
759
982
710
467
495
462
906
93
377
104
530
6
9
703
1
209
383
736
936
855
647
540
179
351
696
945
799
409
892
217
819
651
551
881
471
46
343
729
492
720
833
374
79
195
429
80
404
812
816
692
20
815
232
551
518
929
496
317
690
741
886
509
744
790
391
215
188
86
944
680
159
778
54
238
973
836
670
729
648
838
421
20
653
653
572
171
934
68
840
624
809
79
134
554
869
877
121
57
963
66
90
122
196
496
712
169
332
382
250
333
572
671
353
225
324
925
748
611
346
941
235
155
20
721
61
241
598
183
650
914
249
740
388
445
589
101
966
273
835
568
606
408
239
960
985
915
237
86
526
583
27
762
739
47
483
152
640
434
687
290
348
288
383
736
85
972
837
51
245
25
619
852
433
210
164
770
126
401
856
4
985
883
766
76
282
602
228
922
36
916
213
384
556
596
472
642
920
662
693
165
687
665
369
472
227
533
242
353
935
99
710
920
334
476
348
617
430
928
539
818
196
104
202
753
52
27
395
972
689
440
138
376
457
859
200
685
393
442
390
680
893
100
952
228
929
300
197
359
228
88
178
425
193
732
178
245
111
573
570
800
365
60
528
823
919
728
508
312
523
898
992
416
351
944
996
280
596
193
991
825
282
521
602
475
606
132
72
717
705
994
870
70
54
398
245
974
479
753
638
2
4
983
418
355
279
767
987
876
960
330
53
242
852
655
69
810
787
494
879
844
488
749
266
543
500
512
869
331
617
507
333
621
490
103
328
770
870
667
998
831
998
51
425
202
58
495
364
845
989
243
41
829
345
659
724
845
523
593
176
141
453
861
114
943
964
795
65
187
462
63
370
812
114
795
366
172
290
730
369
631
974
762
813
671
422
537
868
945
483
44
438
936
257
553
231
573
700
297
760
514
712
130
327
179
926
693
703
568
776
425
552
102
187
717
773
961
254
641
907
89
37
697
377
294
250
609
867
302
258
980
817
970
110
144
501
388
189
205
309
317
630
861
419
817
578
192
131
184
185
38
274
222
735
651
868
338
612
736
640
870
716
809
193
178
953
694
567
495
251
876
812
881
89
584
51
19
776
182
203
314
572
829
888
659
833
757
349
445
845
342
668
913
151
861
91
457
907
10
952
159
238
116
392
327
700
795
346
829
977
902
143
901
731
31
561
916
140
262
362
985
604
382
898
756
243
342
213
502
704
517
13
943
633
758
622
334
553
321
515
883
223
658
784
306
41
697
575
182
960
937
519
564
319
770
672
914
112
885
768
816
402
134
111
388
892
734
722
445
55
589
680
630
247
817
288
640
514
863
174
826
152
694
743
823
464
415
89
928
653
858
96
55
992
208
795
236
294
869
33
701
458
714
331
705
531
971
698
397
187
872
576
691
566
319
515
382
86
956
310
739
814
407
147
158
615
942
746
909
812
780
610
270
846
293
328
729
616
26
126
155
898
54
847
817
373
714
199
460
670
862
199
837
269
698
347
236
641
94
497
453
874
459
75
72
104
403
801
720
781
279
876
680
334
75
849
707
789
48
519
459
910
71
648
531
769
996
767
410
442
616
215
668
75
291
740
179
46
541
900
828
820
128
860
154
203
709
214
344
109
733
803
372
804
804
903
574
800
23
336
242
639
552
910
67
195
2
246
241
543
498
421
363
978
281
870
181
342
84
525
452
169
681
176
974
837
431
900
637
454
588
231
446
140
493
513
687
495
111
281
390
962
702
753
940
336
975
474
678
59
351
482
229
32
658
555
869
90
455
858
896
43
441
694
536
286
559
575
781
671
856
171
633
559
277
925
895
252
399
925
664
751
760
893
135
418
448
357
860
255
215
109
650
9
155
538
295
715
114
429
738
970
952
723
881
229
648
128
834
48
406
498
151
166
391
286
584
191
643
797
798
211
258
448
220
413
339
867
128
