26
88
72
63
44
97
7
51
44
82
91
49
36
17
39
81
62
72
44
53
24
48
76
47
53
21
18
15
29
74
40
7
15
64
70
59
61
30
62
5
12
6
6
0
75
45
82
37
17
26
43
41
26
19
41
31
92
59
98
73
86
90
81
1
54
3
12
67
85
26
24
98
84
30
50
60
75
32
49
45
10
44
38
88
15
79
19
8
39
18
33
77
8
66
30
15
70
94
82
55
20
7
5
57
89
8
17
65
40
18
62
3
63
0
91
78
80
63
38
71
33
72
48
93
90
78
8
12
72
43
20
44
50
25
1
39
85
70
56
78
41
18
81
4
19
24
34
51
39
25
74
72
49
22
66
39
52
26
52
76
69
72
72
71
49
26
63
35
48
19
13
89
90
46
45
61
22
80
12
62
57
38
34
6
12
52
45
16
31
49
92
0
21
16
72
23
94
35
58
